69 1579157344 0.200000 -1.000000 -101.000000 0.000000 0.000000
69 1579157345 0.200000 -1.000000 -101.000000 0.000000 0.000000
69 1579157346 0.200000 -1.000000 -101.000000 0.000000 0.000000
69 1579157347 0.200000 -1.000000 -101.000000 0.000000 0.000000
69 1579157348 0.200000 -1.000000 -101.000000 0.000000 0.000000
69 1579157354 0.400000 -1.000000 -101.000000 0.000000 0.000000
69 1579157355 0.400000 -1.000000 -101.000000 0.000000 0.000000
69 1579157356 0.400000 -1.000000 -101.000000 0.000000 0.000000
69 1579157357 0.400000 -1.000000 -101.000000 0.000000 0.000000
69 1579157358 0.400000 -1.000000 -101.000000 0.000000 0.000000
69 1579157359 0.200000 -1.000000 -101.000000 0.000000 0.000000
69 1579157360 0.200000 -1.000000 -101.000000 0.000000 0.000000
69 1579157361 0.200000 -1.000000 -101.000000 0.000000 0.000000
69 1579157362 0.200000 -1.000000 -101.000000 0.000000 0.000000
69 1579157363 0.200000 -1.000000 -101.000000 0.000000 0.000000
69 1579157369 0.400000 -1.000000 -101.000000 0.000000 0.000000
69 1579157370 0.400000 -1.000000 -101.000000 0.000000 0.000000
69 1579157371 0.400000 -1.000000 -101.000000 0.000000 0.000000
69 1579157372 0.400000 -1.000000 -101.000000 0.000000 0.000000
69 1579157373 0.400000 -1.000000 -101.000000 0.000000 0.000000
69 1579157374 0.200000 -1.000000 -101.000000 0.000000 0.000000
69 1579157375 0.200000 -1.000000 -101.000000 0.000000 0.000000
69 1579157376 0.200000 -1.000000 -101.000000 0.000000 0.000000
69 1579157377 0.200000 -1.000000 -101.000000 0.000000 0.000000
69 1579157378 0.200000 -1.000000 -101.000000 0.000000 0.000000
69 1579157384 0.400000 -1.000000 -101.000000 0.000000 0.000000
69 1579157385 0.400000 -1.000000 -101.000000 0.000000 0.000000
69 1579157386 0.400000 -1.000000 -101.000000 0.000000 0.000000
69 1579157387 0.400000 -1.000000 -101.000000 0.000000 0.000000
69 1579157388 0.400000 -1.000000 -101.000000 0.000000 0.000000
69 1579157389 0.200000 -1.000000 -101.000000 0.000000 0.000000
69 1579157390 0.200000 -1.000000 -101.000000 0.000000 0.000000
69 1579157391 0.200000 -1.000000 -101.000000 0.000000 0.000000
69 1579157392 0.200000 -1.000000 -101.000000 0.000000 0.000000
69 1579157393 0.200000 -1.000000 -101.000000 0.000000 0.000000
69 1579157399 0.400000 -1.000000 -101.000000 0.000000 0.000000
69 1579157400 0.400000 -1.000000 -101.000000 0.000000 0.000000
69 1579157401 0.400000 -1.000000 -101.000000 0.000000 0.000000
69 1579157402 0.400000 -1.000000 -101.000000 0.000000 0.000000
69 1579157403 0.400000 -1.000000 -101.000000 0.000000 0.000000
69 1579157404 0.200000 -1.000000 -101.000000 0.000000 0.000000
69 1579157405 0.200000 -1.000000 -101.000000 0.000000 0.000000
69 1579157406 0.200000 -1.000000 -101.000000 0.000000 0.000000
69 1579157407 0.200000 -1.000000 -101.000000 0.000000 0.000000
69 1579157408 0.200000 -1.000000 -101.000000 0.000000 0.000000
69 1579157409 0.400000 -1.000000 -101.000000 0.000000 0.000000
69 1579157410 0.400000 -1.000000 -101.000000 0.000000 0.000000
69 1579157411 0.400000 -1.000000 -101.000000 0.000000 0.000000
69 1579157412 0.400000 -1.000000 -101.000000 0.000000 0.000000
69 1579157413 0.400000 -1.000000 -101.000000 0.000000 0.000000
69 1579157419 0.200000 -1.000000 -101.000000 0.000000 0.000000
69 1579157420 0.200000 -1.000000 -101.000000 0.000000 0.000000
69 1579157421 0.200000 -1.000000 -101.000000 0.000000 0.000000
69 1579157422 0.200000 -1.000000 -101.000000 0.000000 0.000000
69 1579157423 0.200000 -1.000000 -101.000000 0.000000 0.000000
69 1579157424 0.400000 -1.000000 -101.000000 0.000000 0.000000
69 1579157425 0.400000 -1.000000 -101.000000 0.000000 0.000000
69 1579157426 0.400000 -1.000000 -101.000000 0.000000 0.000000
69 1579157427 0.400000 -1.000000 -101.000000 0.000000 0.000000
69 1579157428 0.400000 -1.000000 -101.000000 0.000000 0.000000
69 1579157434 0.200000 -1.000000 -101.000000 0.000000 0.000000
69 1579157435 0.200000 -1.000000 -101.000000 0.000000 0.000000
69 1579157436 0.200000 -1.000000 -101.000000 0.000000 0.000000
69 1579157437 0.200000 -1.000000 -101.000000 0.000000 0.000000
69 1579157438 0.200000 -1.000000 -101.000000 0.000000 0.000000
69 1579157439 0.400000 -1.000000 -101.000000 0.000000 0.000000
69 1579157440 0.400000 -1.000000 -101.000000 0.000000 0.000000
69 1579157441 0.400000 -1.000000 -101.000000 0.000000 0.000000
69 1579157442 0.400000 -1.000000 -101.000000 0.000000 0.000000
69 1579157443 0.400000 -1.000000 -101.000000 0.000000 0.000000
69 1579157449 0.200000 -1.000000 -101.000000 0.000000 0.000000
69 1579157450 0.200000 -1.000000 -101.000000 0.000000 0.000000
69 1579157451 0.200000 -1.000000 -101.000000 0.000000 0.000000
69 1579157452 0.200000 -1.000000 -101.000000 0.000000 0.000000
69 1579157453 0.200000 -1.000000 -101.000000 0.000000 0.000000
69 1579157459 0.400000 -1.000000 -101.000000 0.000000 0.000000
69 1579157460 0.400000 -1.000000 -101.000000 0.000000 0.000000
69 1579157461 0.400000 -1.000000 -101.000000 0.000000 0.000000
69 1579157462 0.400000 -1.000000 -101.000000 0.000000 0.000000
69 1579157463 0.400000 -1.000000 -101.000000 0.000000 0.000000
69 1579157464 0.200000 -1.000000 -101.000000 0.000000 0.000000
69 1579157465 0.200000 -1.000000 -101.000000 0.000000 0.000000
69 1579157466 0.200000 -1.000000 -101.000000 0.000000 0.000000
69 1579157467 0.200000 -1.000000 -101.000000 0.000000 0.000000
69 1579157468 0.200000 -1.000000 -101.000000 0.000000 0.000000
69 1579157474 0.400000 -1.000000 -101.000000 0.000000 0.000000
69 1579157475 0.400000 -1.000000 -101.000000 0.000000 0.000000
69 1579157476 0.400000 -1.000000 -101.000000 0.000000 0.000000
69 1579157477 0.400000 -1.000000 -101.000000 0.000000 0.000000
69 1579157478 0.400000 -1.000000 -101.000000 0.000000 0.000000
69 1579157479 0.200000 -1.000000 -101.000000 0.000000 0.000000
69 1579157480 0.200000 -1.000000 -101.000000 0.000000 0.000000
69 1579157481 0.200000 -1.000000 -101.000000 0.000000 0.000000
69 1579157482 0.200000 -1.000000 -101.000000 0.000000 0.000000
69 1579157483 0.200000 -1.000000 -101.000000 0.000000 0.000000
69 1579157484 0.400000 -1.000000 -101.000000 0.000000 0.000000
69 1579157485 0.400000 -1.000000 -101.000000 0.000000 0.000000
69 1579157486 0.400000 -1.000000 -101.000000 0.000000 0.000000
69 1579157487 0.400000 -1.000000 -101.000000 0.000000 0.000000
69 1579157488 0.400000 -1.000000 -101.000000 0.000000 0.000000
69 1579157489 0.200000 -1.000000 -101.000000 0.000000 0.000000
69 1579157490 0.200000 -1.000000 -101.000000 0.000000 0.000000
69 1579157491 0.200000 -1.000000 -101.000000 0.000000 0.000000
69 1579157492 0.200000 -1.000000 -101.000000 0.000000 0.000000
69 1579157493 0.200000 -1.000000 -101.000000 0.000000 0.000000
69 1579157494 0.200000 -1.000000 -101.000000 0.000000 0.000000
69 1579157495 0.200000 -1.000000 -101.000000 0.000000 0.000000
69 1579157496 0.200000 -1.000000 -101.000000 0.000000 0.000000
69 1579157497 0.200000 -1.000000 -101.000000 0.000000 0.000000
69 1579157498 0.200000 -1.000000 -101.000000 0.000000 0.000000
69 1579157499 0.600000 -1.000000 -101.000000 0.000000 0.000000
69 1579157500 0.600000 -1.000000 -101.000000 0.000000 0.000000
69 1579157501 0.600000 -1.000000 -101.000000 0.000000 0.000000
69 1579157502 0.600000 -1.000000 -101.000000 0.000000 0.000000
69 1579157503 0.600000 -1.000000 -101.000000 0.000000 0.000000
69 1579157519 0.200000 -1.000000 -101.000000 0.000000 0.000000
69 1579157520 0.200000 -1.000000 -101.000000 0.000000 0.000000
69 1579157521 0.200000 -1.000000 -101.000000 0.000000 0.000000
69 1579157522 0.200000 -1.000000 -101.000000 0.000000 0.000000
69 1579157523 0.200000 -1.000000 -101.000000 0.000000 0.000000
69 1579157529 0.200000 -1.000000 -101.000000 0.000000 0.000000
69 1579157530 0.200000 -1.000000 -101.000000 0.000000 0.000000
69 1579157531 0.200000 -1.000000 -101.000000 0.000000 0.000000
69 1579157532 0.200000 -1.000000 -101.000000 0.000000 0.000000
69 1579157533 0.200000 -1.000000 -101.000000 0.000000 0.000000
69 1579157544 0.200000 -1.000000 -101.000000 0.000000 0.000000
69 1579157545 0.200000 -1.000000 -101.000000 0.000000 0.000000
69 1579157546 0.200000 -1.000000 -101.000000 0.000000 0.000000
69 1579157547 0.200000 -1.000000 -101.000000 0.000000 0.000000
69 1579157548 0.200000 -1.000000 -101.000000 0.000000 0.000000
69 1579157559 0.200000 -1.000000 -101.000000 0.000000 0.000000
69 1579157560 0.200000 -1.000000 -101.000000 0.000000 0.000000
69 1579157561 0.200000 -1.000000 -101.000000 0.000000 0.000000
69 1579157562 0.200000 -1.000000 -101.000000 0.000000 0.000000
69 1579157563 0.200000 -1.000000 -101.000000 0.000000 0.000000
69 1579157574 0.200000 -1.000000 -101.000000 0.000000 0.000000
69 1579157575 0.200000 -1.000000 -101.000000 0.000000 0.000000
69 1579157576 0.200000 -1.000000 -101.000000 0.000000 0.000000
69 1579157577 0.200000 -1.000000 -101.000000 0.000000 0.000000
69 1579157578 0.200000 -1.000000 -101.000000 0.000000 0.000000
69 1579157589 0.200000 -1.000000 -101.000000 0.000000 0.000000
69 1579157590 0.200000 -1.000000 -101.000000 0.000000 0.000000
69 1579157591 0.200000 -1.000000 -101.000000 0.000000 0.000000
69 1579157592 0.200000 -1.000000 -101.000000 0.000000 0.000000
69 1579157593 0.200000 -1.000000 -101.000000 0.000000 0.000000
69 1579157599 0.200000 -1.000000 -101.000000 0.000000 0.000000
69 1579157600 0.200000 -1.000000 -101.000000 0.000000 0.000000
69 1579157601 0.200000 -1.000000 -101.000000 0.000000 0.000000
69 1579157602 0.200000 -1.000000 -101.000000 0.000000 0.000000
69 1579157603 0.200000 -1.000000 -101.000000 0.000000 0.000000
69 1579157609 0.800000 -1.000000 -101.000000 0.000000 0.000000
69 1579157610 0.800000 -1.000000 -101.000000 0.000000 0.000000
69 1579157611 0.800000 -1.000000 -101.000000 0.000000 0.000000
69 1579157612 0.800000 -1.000000 -101.000000 0.000000 0.000000
69 1579157613 0.800000 -1.000000 -101.000000 0.000000 0.000000
69 1579157619 0.600000 -1.000000 -101.000000 0.000000 0.000000
69 1579157620 0.600000 -1.000000 -101.000000 0.000000 0.000000
69 1579157621 0.600000 -1.000000 -101.000000 0.000000 0.000000
69 1579157622 0.600000 -1.000000 -101.000000 0.000000 0.000000
69 1579157623 0.600000 -1.000000 -101.000000 0.000000 0.000000
69 1579157624 0.200000 -1.000000 -101.000000 0.000000 0.000000
69 1579157625 0.200000 -1.000000 -101.000000 0.000000 0.000000
69 1579157626 0.200000 -1.000000 -101.000000 0.000000 0.000000
69 1579157627 0.200000 -1.000000 -101.000000 0.000000 0.000000
69 1579157628 0.200000 -1.000000 -101.000000 0.000000 0.000000
69 1579157634 0.600000 -1.000000 -101.000000 0.000000 0.000000
69 1579157635 0.600000 -1.000000 -101.000000 0.000000 0.000000
69 1579157636 0.600000 -1.000000 -101.000000 0.000000 0.000000
69 1579157637 0.600000 -1.000000 -101.000000 0.000000 0.000000
69 1579157638 0.600000 -1.000000 -101.000000 0.000000 0.000000
69 1579157639 0.200000 -1.000000 -101.000000 0.000000 0.000000
69 1579157640 0.200000 -1.000000 -101.000000 0.000000 0.000000
69 1579157641 0.200000 -1.000000 -101.000000 0.000000 0.000000
69 1579157642 0.200000 -1.000000 -101.000000 0.000000 0.000000
69 1579157643 0.200000 -1.000000 -101.000000 0.000000 0.000000
69 1579157649 0.400000 -1.000000 -101.000000 0.000000 0.000000
69 1579157650 0.400000 -1.000000 -101.000000 0.000000 0.000000
69 1579157651 0.400000 -1.000000 -101.000000 0.000000 0.000000
69 1579157652 0.400000 -1.000000 -101.000000 0.000000 0.000000
69 1579157653 0.400000 -1.000000 -101.000000 0.000000 0.000000
69 1579157654 0.200000 -1.000000 -101.000000 0.000000 0.000000
69 1579157655 0.200000 -1.000000 -101.000000 0.000000 0.000000
69 1579157656 0.200000 -1.000000 -101.000000 0.000000 0.000000
69 1579157657 0.200000 -1.000000 -101.000000 0.000000 0.000000
69 1579157658 0.200000 -1.000000 -101.000000 0.000000 0.000000
69 1579157664 0.400000 -1.000000 -101.000000 0.000000 0.000000
69 1579157665 0.400000 -1.000000 -101.000000 0.000000 0.000000
69 1579157666 0.400000 -1.000000 -101.000000 0.000000 0.000000
69 1579157667 0.400000 -1.000000 -101.000000 0.000000 0.000000
69 1579157668 0.400000 -1.000000 -101.000000 0.000000 0.000000
69 1579157669 0.200000 -1.000000 -101.000000 0.000000 0.000000
69 1579157670 0.200000 -1.000000 -101.000000 0.000000 0.000000
69 1579157671 0.200000 -1.000000 -101.000000 0.000000 0.000000
69 1579157672 0.200000 -1.000000 -101.000000 0.000000 0.000000
69 1579157673 0.200000 -1.000000 -101.000000 0.000000 0.000000
69 1579157679 0.400000 -1.000000 -101.000000 0.000000 0.000000
69 1579157680 0.400000 -1.000000 -101.000000 0.000000 0.000000
69 1579157681 0.400000 -1.000000 -101.000000 0.000000 0.000000
69 1579157682 0.400000 -1.000000 -101.000000 0.000000 0.000000
69 1579157683 0.400000 -1.000000 -101.000000 0.000000 0.000000
69 1579157684 0.200000 -1.000000 -101.000000 0.000000 0.000000
69 1579157685 0.200000 -1.000000 -101.000000 0.000000 0.000000
69 1579157686 0.200000 -1.000000 -101.000000 0.000000 0.000000
69 1579157687 0.200000 -1.000000 -101.000000 0.000000 0.000000
69 1579157688 0.200000 -1.000000 -101.000000 0.000000 0.000000
69 1579157739 0.200000 -1.000000 -101.000000 0.000000 0.000000
69 1579157740 0.200000 -1.000000 -101.000000 0.000000 0.000000
69 1579157741 0.200000 -1.000000 -101.000000 0.000000 0.000000
69 1579157742 0.200000 -1.000000 -101.000000 0.000000 0.000000
69 1579157743 0.200000 -1.000000 -101.000000 0.000000 0.000000
69 1579157754 0.200000 -1.000000 -101.000000 0.000000 0.000000
69 1579157755 0.200000 -1.000000 -101.000000 0.000000 0.000000
69 1579157756 0.200000 -1.000000 -101.000000 0.000000 0.000000
69 1579157757 0.200000 -1.000000 -101.000000 0.000000 0.000000
69 1579157758 0.200000 -1.000000 -101.000000 0.000000 0.000000
69 1579157769 0.200000 -1.000000 -101.000000 0.000000 0.000000
69 1579157770 0.200000 -1.000000 -101.000000 0.000000 0.000000
69 1579157771 0.200000 -1.000000 -101.000000 0.000000 0.000000
69 1579157772 0.200000 -1.000000 -101.000000 0.000000 0.000000
69 1579157773 0.200000 -1.000000 -101.000000 0.000000 0.000000
69 1579157784 0.200000 -1.000000 -101.000000 0.000000 0.000000
69 1579157785 0.200000 -1.000000 -101.000000 0.000000 0.000000
69 1579157786 0.200000 -1.000000 -101.000000 0.000000 0.000000
69 1579157787 0.200000 -1.000000 -101.000000 0.000000 0.000000
69 1579157788 0.200000 -1.000000 -101.000000 0.000000 0.000000
69 1579157794 0.200000 -1.000000 -101.000000 0.000000 0.000000
69 1579157795 0.200000 -1.000000 -101.000000 0.000000 0.000000
69 1579157796 0.200000 -1.000000 -101.000000 0.000000 0.000000
69 1579157797 0.200000 -1.000000 -101.000000 0.000000 0.000000
69 1579157798 0.200000 -1.000000 -101.000000 0.000000 0.000000
69 1579157809 0.200000 -1.000000 -101.000000 0.000000 0.000000
69 1579157810 0.200000 -1.000000 -101.000000 0.000000 0.000000
69 1579157811 0.200000 -1.000000 -101.000000 0.000000 0.000000
69 1579157812 0.200000 -1.000000 -101.000000 0.000000 0.000000
69 1579157813 0.200000 -1.000000 -101.000000 0.000000 0.000000
69 1579157814 0.200000 -1.000000 -101.000000 0.000000 0.000000
69 1579157815 0.200000 -1.000000 -101.000000 0.000000 0.000000
69 1579157816 0.200000 -1.000000 -101.000000 0.000000 0.000000
69 1579157817 0.200000 -1.000000 -101.000000 0.000000 0.000000
69 1579157818 0.200000 -1.000000 -101.000000 0.000000 0.000000
69 1579157824 0.200000 -1.000000 -101.000000 0.000000 0.000000
69 1579157825 0.200000 -1.000000 -101.000000 0.000000 0.000000
69 1579157826 0.200000 -1.000000 -101.000000 0.000000 0.000000
69 1579157827 0.200000 -1.000000 -101.000000 0.000000 0.000000
69 1579157828 0.200000 -1.000000 -101.000000 0.000000 0.000000
69 1579157854 0.200000 -1.000000 -101.000000 0.000000 0.000000
69 1579157855 0.200000 -1.000000 -101.000000 0.000000 0.000000
69 1579157918 0.200000 -1.000000 0.200000 0.200000 0.008000
69 1579157917 0.200000 -1.000000 0.200000 0.200000 0.008000
69 1579157916 0.200000 -1.000000 0.200000 0.200000 0.008000
69 1579157915 0.200000 -1.000000 0.200000 0.200000 0.008000
69 1579157914 0.200000 -1.000000 0.200000 0.200000 0.008000
69 1579157888 0.200000 -1.000000 0.200000 0.200000 0.008000
69 1579157887 0.200000 -1.000000 0.200000 0.200000 0.008000
69 1579157886 0.200000 -1.000000 0.200000 0.200000 0.008000
69 1579157885 0.200000 -1.000000 0.200000 0.200000 0.008000
69 1579157884 0.200000 -1.000000 0.200000 0.200000 0.008000
69 1579157858 0.200000 -1.000000 0.200000 0.200000 0.008000
69 1579157857 0.200000 -1.000000 0.200000 0.200000 0.008000
69 1579157856 0.200000 -1.000000 0.200000 0.200000 0.008000
69 1579157856 0.200000 -1.000000 -101.000000 0.000000 0.000000
69 1579157857 0.200000 -1.000000 -101.000000 0.000000 0.000000
69 1579157858 0.200000 -1.000000 -101.000000 0.000000 0.000000
69 1579157884 0.200000 -1.000000 -101.000000 0.000000 0.000000
69 1579157885 0.200000 -1.000000 -101.000000 0.000000 0.000000
69 1579157886 0.200000 -1.000000 -101.000000 0.000000 0.000000
69 1579157887 0.200000 -1.000000 -101.000000 0.000000 0.000000
69 1579157888 0.200000 -1.000000 -101.000000 0.000000 0.000000
69 1579157914 0.200000 -1.000000 -101.000000 0.000000 0.000000
69 1579157915 0.200000 -1.000000 -101.000000 0.000000 0.000000
69 1579157916 0.200000 -1.000000 -101.000000 0.000000 0.000000
69 1579157917 0.200000 -1.000000 -101.000000 0.000000 0.000000
69 1579157918 0.200000 -1.000000 -101.000000 0.000000 0.000000
69 1579157949 2.000000 -1.000000 -101.000000 0.000000 0.000000
69 1579157950 2.000000 -1.000000 -101.000000 0.000000 0.000000
69 1579157951 2.000000 -1.000000 -101.000000 0.000000 0.000000
69 1579157952 2.000000 -1.000000 -101.000000 0.000000 0.000000
69 1579157953 2.000000 -1.000000 -101.000000 0.000000 0.000000
69 1579157969 0.200000 -1.000000 0.200000 0.200000 0.008000
69 1579157970 0.200000 -1.000000 0.200000 0.200000 0.008000
69 1579157971 0.200000 -1.000000 0.200000 0.200000 0.008000
69 1579157972 0.200000 -1.000000 0.200000 0.200000 0.008000
69 1579157973 0.200000 -1.000000 0.200000 0.200000 0.008000
69 1579157969 0.200000 -1.000000 0.200000 0.200000 0.008000
69 1579157970 0.200000 -1.000000 0.200000 0.200000 0.008000
69 1579157971 0.200000 -1.000000 0.200000 0.200000 0.008000
69 1579157972 0.200000 -1.000000 0.200000 0.200000 0.008000
69 1579157973 0.200000 -1.000000 0.200000 0.200000 0.008000
69 1579158079 1.000000 -1.000000 -101.000000 0.000000 0.000000
69 1579158080 1.000000 -1.000000 -101.000000 0.000000 0.000000
69 1579158081 1.000000 -1.000000 -101.000000 0.000000 0.000000
69 1579158082 1.000000 -1.000000 -101.000000 0.000000 0.000000
69 1579158083 1.000000 -1.000000 -101.000000 0.000000 0.000000
69 1579158099 0.200000 -1.000000 -101.000000 0.000000 0.000000
69 1579158100 0.200000 -1.000000 -101.000000 0.000000 0.000000
69 1579158101 0.200000 -1.000000 -101.000000 0.000000 0.000000
69 1579158102 0.200000 -1.000000 -101.000000 0.000000 0.000000
69 1579158103 0.200000 -1.000000 -101.000000 0.000000 0.000000
