86 1579157345 0.000000 0.000000 -101.000000 0.000000 0.000000
86 1579157346 0.000000 0.000000 -101.000000 0.000000 0.000000
86 1579157347 0.000000 0.000000 -101.000000 0.000000 0.000000
86 1579157348 0.000000 0.000000 -101.000000 0.000000 0.000000
86 1579157349 15.000000 0.200000 3.000000 3.000000 -20.200000
86 1579157350 15.000000 0.200000 6.000000 6.000000 -20.200000
86 1579157351 15.000000 0.200000 9.000000 9.000000 -20.200000
86 1579157352 15.000000 0.200000 12.000000 12.000000 -20.200000
86 1579157353 15.000000 0.200000 15.000000 15.000000 -20.200000
86 1579157354 -0.500000 0.400000 14.800000 14.800000 -20.200000
86 1579157355 -0.500000 0.400000 14.600000 14.600000 -20.200000
86 1579157356 -0.500000 0.400000 14.400000 14.400000 -20.200000
86 1579157357 -0.500000 0.400000 14.200000 14.200000 -20.200000
86 1579157358 -0.500000 0.400000 14.000000 14.000000 -20.200000
86 1579157359 -0.333333 0.600000 13.800000 13.800000 -20.200000
86 1579157360 -0.333333 0.600000 13.600000 13.600000 -20.200000
86 1579157361 -0.333333 0.600000 13.400000 13.400000 -20.200000
86 1579157362 -0.333333 0.600000 13.200000 13.200000 -20.200000
86 1579157363 -0.333333 0.600000 13.000000 13.000000 -20.200000
86 1579157364 3.750000 0.800000 16.000000 16.000000 -20.200000
86 1579157365 3.750000 0.800000 19.000000 19.000000 -20.200000
86 1579157366 3.750000 0.800000 22.000000 22.000000 -20.200000
86 1579157367 3.750000 0.800000 25.000000 25.000000 -20.200000
86 1579157368 3.750000 0.800000 28.000000 28.000000 -20.200000
86 1579157369 -0.200000 1.000000 27.800000 27.800000 -20.200000
86 1579157370 -0.200000 1.000000 27.600000 27.600000 -20.200000
86 1579157371 -0.200000 1.000000 27.400000 27.400000 -20.200000
86 1579157372 -0.200000 1.000000 27.200000 27.200000 -20.200000
86 1579157373 -0.200000 1.000000 27.000000 27.000000 -20.200000
86 1579157374 0.000000 1.000000 27.000000 27.000000 -20.200000
86 1579157375 0.000000 1.000000 27.000000 27.000000 -20.200000
86 1579157376 0.000000 1.000000 27.000000 27.000000 -20.200000
86 1579157377 0.000000 1.000000 27.000000 27.000000 -20.200000
86 1579157378 0.000000 1.000000 27.000000 27.000000 -20.200000
86 1579157379 2.500000 1.200000 30.000000 30.000000 -20.200000
86 1579157380 2.500000 1.200000 33.000000 33.000000 -20.200000
86 1579157381 2.500000 1.200000 36.000000 36.000000 -20.200000
86 1579157382 2.500000 1.200000 39.000000 39.000000 -20.200000
86 1579157383 2.500000 1.200000 42.000000 42.000000 -20.200000
86 1579157384 -0.142857 1.400000 41.800000 41.800000 -20.200000
86 1579157385 -0.142857 1.400000 41.600000 41.600000 -20.200000
86 1579157386 -0.142857 1.400000 41.400000 41.400000 -20.200000
86 1579157387 -0.142857 1.400000 41.200000 41.200000 -20.200000
86 1579157388 -0.142857 1.400000 41.000000 41.000000 -20.200000
86 1579157389 0.000000 1.400000 41.000000 41.000000 -20.200000
86 1579157390 0.000000 1.400000 41.000000 41.000000 -20.200000
86 1579157391 0.000000 1.400000 41.000000 41.000000 -20.200000
86 1579157392 0.000000 1.400000 41.000000 41.000000 -20.200000
86 1579157393 0.000000 1.400000 41.000000 41.000000 -20.200000
86 1579157394 2.000000 1.600000 44.200000 44.200000 -20.200000
86 1579157395 2.000000 1.600000 47.400000 47.400000 -20.200000
86 1579157396 2.000000 1.600000 50.600000 50.600000 -20.200000
86 1579157397 2.000000 1.600000 53.800000 53.800000 -20.200000
86 1579157398 2.000000 1.600000 57.000000 57.000000 -20.200000
86 1579157399 -0.222222 1.800000 56.600000 56.600000 -20.200000
86 1579157400 -0.222222 1.800000 56.200000 56.200000 -20.200000
86 1579157401 -0.222222 1.800000 55.800000 55.800000 -20.200000
86 1579157402 -0.222222 1.800000 55.400000 55.400000 -20.200000
86 1579157403 -0.222222 1.800000 55.000000 55.000000 -20.200000
86 1579157404 0.000000 1.800000 55.000000 55.000000 -20.200000
86 1579157405 0.000000 1.800000 55.000000 55.000000 -20.200000
86 1579157406 0.000000 1.800000 55.000000 55.000000 -20.200000
86 1579157407 0.000000 1.800000 55.000000 55.000000 -20.200000
86 1579157408 0.000000 1.800000 55.000000 55.000000 -20.200000
86 1579157409 1.600000 2.000000 58.200000 58.200000 -20.200000
86 1579157410 1.600000 2.000000 61.400000 61.400000 -20.200000
86 1579157411 1.600000 2.000000 64.600000 64.600000 -20.200000
86 1579157412 1.600000 2.000000 67.800000 67.800000 -20.200000
86 1579157413 1.600000 2.000000 71.000000 71.000000 -20.200000
86 1579157414 -0.181818 2.200000 70.600000 70.600000 -20.200000
86 1579157415 -0.181818 2.200000 70.200000 70.200000 -20.200000
86 1579157416 -0.181818 2.200000 69.800000 69.800000 -20.200000
86 1579157417 -0.181818 2.200000 69.400000 69.400000 -20.200000
86 1579157418 -0.181818 2.200000 69.000000 69.000000 -20.200000
86 1579157419 0.000000 2.200000 69.000000 69.000000 -20.200000
86 1579157420 0.000000 2.200000 69.000000 69.000000 -20.200000
86 1579157421 0.000000 2.200000 69.000000 69.000000 -20.200000
86 1579157422 0.000000 2.200000 69.000000 69.000000 -20.200000
86 1579157423 0.000000 2.200000 69.000000 69.000000 -20.200000
86 1579157424 1.250000 2.400000 72.000000 72.000000 -20.200000
86 1579157425 1.250000 2.400000 75.000000 75.000000 -20.200000
86 1579157426 1.250000 2.400000 78.000000 78.000000 -20.200000
86 1579157427 1.250000 2.400000 81.000000 81.000000 -20.200000
86 1579157428 1.250000 2.400000 84.000000 84.000000 -20.200000
86 1579157429 -0.076923 2.600000 83.800000 83.800000 -20.200000
86 1579157430 -0.076923 2.600000 83.600000 83.600000 -20.200000
86 1579157431 -0.076923 2.600000 83.400000 83.400000 -20.200000
86 1579157432 -0.076923 2.600000 83.200000 83.200000 -20.200000
86 1579157433 -0.076923 2.600000 83.000000 83.000000 -20.200000
86 1579157434 0.000000 2.600000 83.000000 83.000000 -20.200000
86 1579157435 0.000000 2.600000 83.000000 83.000000 -20.200000
86 1579157436 0.000000 2.600000 83.000000 83.000000 -20.200000
86 1579157437 0.000000 2.600000 83.000000 83.000000 -20.200000
86 1579157438 0.000000 2.600000 83.000000 83.000000 -20.200000
86 1579157439 1.142857 2.800000 86.200000 86.200000 -20.200000
86 1579157440 1.142857 2.800000 89.400000 89.400000 -20.200000
86 1579157441 1.142857 2.800000 92.600000 92.600000 -20.200000
86 1579157442 1.142857 2.800000 95.800000 95.800000 -20.200000
86 1579157443 1.142857 2.800000 99.000000 99.000000 -20.200000
86 1579157444 -0.133333 3.000000 98.600000 98.600000 -20.200000
86 1579157445 -0.133333 3.000000 98.200000 98.200000 -20.200000
86 1579157446 -0.133333 3.000000 97.800000 97.800000 -20.200000
86 1579157447 -0.133333 3.000000 97.400000 97.400000 -20.200000
86 1579157448 -0.133333 3.000000 97.000000 97.000000 -20.200000
86 1579157449 0.000000 3.000000 97.000000 97.000000 -20.200000
86 1579157450 0.000000 3.000000 97.000000 97.000000 -20.200000
86 1579157451 0.000000 3.000000 97.000000 97.000000 -20.200000
86 1579157452 0.000000 3.000000 97.000000 97.000000 -20.200000
86 1579157453 0.000000 3.000000 97.000000 97.000000 -20.200000
86 1579157454 0.937500 3.200000 100.000000 100.000000 -20.200000
86 1579157455 0.937500 3.200000 103.000000 103.000000 -20.200000
86 1579157456 0.937500 3.200000 106.000000 106.000000 -20.200000
86 1579157457 0.937500 3.200000 109.000000 109.000000 -20.200000
86 1579157458 0.937500 3.200000 112.000000 112.000000 -20.200000
86 1579157459 -0.058824 3.400000 111.800000 111.800000 -20.200000
86 1579157460 -0.058824 3.400000 111.600000 111.600000 -20.200000
86 1579157461 -0.058824 3.400000 111.400000 111.400000 -20.200000
86 1579157462 -0.058824 3.400000 111.200000 111.200000 -20.200000
86 1579157463 -0.058824 3.400000 111.000000 111.000000 -20.200000
86 1579157464 -0.611111 3.600000 108.800000 108.800000 -20.200000
86 1579157465 -0.611111 3.600000 106.600000 106.600000 -20.200000
86 1579157466 -0.611111 3.600000 104.400000 104.400000 -20.200000
86 1579157467 -0.611111 3.600000 102.200000 102.200000 -20.200000
86 1579157468 -0.611111 3.600000 100.000000 100.000000 -20.200000
86 1579157469 0.789474 3.800000 103.000000 103.000000 -20.200000
86 1579157470 0.789474 3.800000 106.000000 106.000000 -20.200000
86 1579157471 0.789474 3.800000 109.000000 109.000000 -20.200000
86 1579157472 0.789474 3.800000 112.000000 112.000000 -20.200000
86 1579157473 0.789474 3.800000 115.000000 115.000000 -20.200000
86 1579157474 -0.571429 4.200000 112.600000 112.600000 -20.200000
86 1579157475 -0.571429 4.200000 110.200000 110.200000 -20.200000
86 1579157476 -0.571429 4.200000 107.800000 107.800000 -20.200000
86 1579157477 -0.571429 4.200000 105.400000 105.400000 -20.200000
86 1579157478 -0.571429 4.200000 103.000000 103.000000 -20.200000
86 1579157479 0.000000 4.200000 103.000000 103.000000 -20.200000
86 1579157480 0.000000 4.200000 103.000000 103.000000 -20.200000
86 1579157481 0.000000 4.200000 103.000000 103.000000 -20.200000
86 1579157482 0.000000 4.200000 103.000000 103.000000 -20.200000
86 1579157483 0.000000 4.200000 103.000000 103.000000 -20.200000
86 1579157484 0.727273 4.400000 106.200000 106.200000 -20.200000
86 1579157485 0.727273 4.400000 109.400000 109.400000 -20.200000
86 1579157486 0.727273 4.400000 112.600000 112.600000 -20.200000
86 1579157487 0.727273 4.400000 115.800000 115.800000 -20.200000
86 1579157488 0.727273 4.400000 119.000000 119.000000 -20.200000
86 1579157489 -0.583333 4.800000 116.200000 116.200000 -20.200000
86 1579157490 -0.583333 4.800000 113.400000 113.400000 -20.200000
86 1579157491 -0.583333 4.800000 110.600000 110.600000 -20.200000
86 1579157492 -0.583333 4.800000 107.800000 107.800000 -20.200000
86 1579157493 -0.583333 4.800000 105.000000 105.000000 -20.200000
86 1579157494 0.040000 5.000000 105.200000 105.200000 -20.200000
86 1579157495 0.040000 5.000000 105.400000 105.400000 -20.200000
86 1579157496 0.040000 5.000000 105.600000 105.600000 -20.200000
86 1579157497 0.040000 5.000000 105.800000 105.800000 -20.200000
86 1579157498 0.040000 5.000000 106.000000 106.000000 -20.200000
86 1579157499 0.576923 5.200000 109.000000 109.000000 -20.200000
86 1579157500 0.576923 5.200000 112.000000 112.000000 -20.200000
86 1579157501 0.576923 5.200000 115.000000 115.000000 -20.200000
86 1579157502 0.576923 5.200000 118.000000 118.000000 -20.200000
86 1579157503 0.576923 5.200000 121.000000 121.000000 -20.200000
86 1579157504 -0.413793 5.800000 118.600000 118.600000 -20.200000
86 1579157505 -0.413793 5.800000 116.200000 116.200000 -20.200000
86 1579157506 -0.413793 5.800000 113.800000 113.800000 -20.200000
86 1579157507 -0.413793 5.800000 111.400000 111.400000 -20.200000
86 1579157508 -0.413793 5.800000 109.000000 109.000000 -20.200000
86 1579157509 0.000000 5.800000 109.000000 109.000000 -20.200000
86 1579157510 0.000000 5.800000 109.000000 109.000000 -20.200000
86 1579157511 0.000000 5.800000 109.000000 109.000000 -20.200000
86 1579157512 0.000000 5.800000 109.000000 109.000000 -20.200000
86 1579157513 0.000000 5.800000 109.000000 109.000000 -20.200000
86 1579157514 0.000000 5.800000 109.000000 109.000000 -20.200000
86 1579157515 0.000000 5.800000 109.000000 109.000000 -20.200000
86 1579157516 0.000000 5.800000 109.000000 109.000000 -20.200000
86 1579157517 0.000000 5.800000 109.000000 109.000000 -20.200000
86 1579157518 0.000000 5.800000 109.000000 109.000000 -20.200000
86 1579157519 -0.400000 6.000000 106.600000 106.600000 -20.200000
86 1579157520 -0.400000 6.000000 104.200000 104.200000 -20.200000
86 1579157521 -0.400000 6.000000 101.800000 101.800000 -20.200000
86 1579157522 -0.400000 6.000000 99.400000 99.400000 -20.200000
86 1579157523 -0.400000 6.000000 97.000000 97.000000 -20.200000
86 1579157524 0.032258 6.200000 97.200000 97.200000 -20.200000
86 1579157525 0.032258 6.200000 97.400000 97.400000 -20.200000
86 1579157526 0.032258 6.200000 97.600000 97.600000 -20.200000
86 1579157527 0.032258 6.200000 97.800000 97.800000 -20.200000
86 1579157528 0.032258 6.200000 98.000000 98.000000 -20.200000
86 1579157529 0.000000 6.200000 98.000000 98.000000 -20.200000
86 1579157530 0.000000 6.200000 98.000000 98.000000 -20.200000
86 1579157531 0.000000 6.200000 98.000000 98.000000 -20.200000
86 1579157532 0.000000 6.200000 98.000000 98.000000 -20.200000
86 1579157533 0.000000 6.200000 98.000000 98.000000 -20.200000
86 1579157534 -0.303030 6.600000 96.000000 96.000000 -20.200000
86 1579157535 -0.303030 6.600000 94.000000 94.000000 -20.200000
86 1579157536 -0.303030 6.600000 92.000000 92.000000 -20.200000
86 1579157537 -0.303030 6.600000 90.000000 90.000000 -20.200000
86 1579157538 -0.303030 6.600000 88.000000 88.000000 -20.200000
86 1579157539 0.000000 6.600000 88.000000 88.000000 -20.200000
86 1579157540 0.000000 6.600000 88.000000 88.000000 -20.200000
86 1579157541 0.000000 6.600000 88.000000 88.000000 -20.200000
86 1579157542 0.000000 6.600000 88.000000 88.000000 -20.200000
86 1579157543 0.000000 6.600000 88.000000 88.000000 -20.200000
86 1579157544 0.000000 6.600000 88.000000 88.000000 -20.200000
86 1579157545 0.000000 6.600000 88.000000 88.000000 -20.200000
86 1579157546 0.000000 6.600000 88.000000 88.000000 -20.200000
86 1579157547 0.000000 6.600000 88.000000 88.000000 -20.200000
86 1579157548 0.000000 6.600000 88.000000 88.000000 -20.200000
86 1579157549 -0.314286 7.000000 85.800000 85.800000 -20.200000
86 1579157550 -0.314286 7.000000 83.600000 83.600000 -20.200000
86 1579157551 -0.314286 7.000000 81.400000 81.400000 -20.200000
86 1579157552 -0.314286 7.000000 79.200000 79.200000 -20.200000
86 1579157553 -0.314286 7.000000 77.000000 77.000000 -20.200000
86 1579157554 0.000000 7.000000 77.000000 77.000000 -20.200000
86 1579157555 0.000000 7.000000 77.000000 77.000000 -20.200000
86 1579157556 0.000000 7.000000 77.000000 77.000000 -20.200000
86 1579157557 0.000000 7.000000 77.000000 77.000000 -20.200000
86 1579157558 0.000000 7.000000 77.000000 77.000000 -20.200000
86 1579157559 0.000000 7.000000 77.000000 77.000000 -20.200000
86 1579157560 0.000000 7.000000 77.000000 77.000000 -20.200000
86 1579157561 0.000000 7.000000 77.000000 77.000000 -20.200000
86 1579157562 0.000000 7.000000 77.000000 77.000000 -20.200000
86 1579157563 0.000000 7.000000 77.000000 77.000000 -20.200000
86 1579157564 -0.315789 7.600000 74.600000 74.600000 -20.200000
86 1579157565 -0.315789 7.600000 72.200000 72.200000 -20.200000
86 1579157566 -0.315789 7.600000 69.800000 69.800000 -20.200000
86 1579157567 -0.315789 7.600000 67.400000 67.400000 -20.200000
86 1579157568 -0.315789 7.600000 65.000000 65.000000 -20.200000
86 1579157569 0.000000 7.800000 65.000000 65.000000 -20.200000
86 1579157570 0.000000 7.800000 65.000000 65.000000 -20.200000
86 1579157571 0.000000 7.800000 65.000000 65.000000 -20.200000
86 1579157572 0.000000 7.800000 65.000000 65.000000 -20.200000
86 1579157573 0.000000 7.800000 65.000000 65.000000 -20.200000
86 1579157574 -0.025000 8.000000 64.800000 64.800000 -20.200000
86 1579157575 -0.025000 8.000000 64.600000 64.600000 -20.200000
86 1579157576 -0.025000 8.000000 64.400000 64.400000 -20.200000
86 1579157577 -0.025000 8.000000 64.200000 64.200000 -20.200000
86 1579157578 -0.025000 8.000000 64.000000 64.000000 -20.200000
86 1579157579 -0.279070 8.600000 61.600000 61.600000 -20.200000
86 1579157580 -0.279070 8.600000 59.200000 59.200000 -20.200000
86 1579157581 -0.279070 8.600000 56.800000 56.800000 -20.200000
86 1579157582 -0.279070 8.600000 54.400000 54.400000 -20.200000
86 1579157583 -0.279070 8.600000 52.000000 52.000000 -20.200000
86 1579157584 0.000000 8.600000 52.000000 52.000000 -20.200000
86 1579157585 0.000000 8.600000 52.000000 52.000000 -20.200000
86 1579157586 0.000000 8.600000 52.000000 52.000000 -20.200000
86 1579157587 0.000000 8.600000 52.000000 52.000000 -20.200000
86 1579157588 0.000000 8.600000 52.000000 52.000000 -20.200000
86 1579157589 -0.022222 9.000000 51.800000 51.800000 -20.200000
86 1579157590 -0.022222 9.000000 51.600000 51.600000 -20.200000
86 1579157591 -0.022222 9.000000 51.400000 51.400000 -20.200000
86 1579157592 -0.022222 9.000000 51.200000 51.200000 -20.200000
86 1579157593 -0.022222 9.000000 51.000000 51.000000 -20.200000
86 1579157594 -0.234043 9.400000 48.800000 48.800000 -20.200000
86 1579157595 -0.234043 9.400000 46.600000 46.600000 -20.200000
86 1579157596 -0.234043 9.400000 44.400000 44.400000 -20.200000
86 1579157597 -0.234043 9.400000 42.200000 42.200000 -20.200000
86 1579157598 -0.234043 9.400000 40.000000 40.000000 -20.200000
86 1579157599 0.000000 9.800000 40.000000 40.000000 -20.200000
86 1579157600 0.000000 9.800000 40.000000 40.000000 -20.200000
86 1579157601 0.000000 9.800000 40.000000 40.000000 -20.200000
86 1579157602 0.000000 9.800000 40.000000 40.000000 -20.200000
86 1579157603 0.000000 9.800000 40.000000 40.000000 -20.200000
86 1579157604 0.254902 10.200000 42.600000 42.600000 -20.200000
86 1579157605 0.254902 10.200000 45.200000 45.200000 -20.200000
86 1579157606 0.254902 10.200000 47.800000 47.800000 -20.200000
86 1579157607 0.254902 10.200000 50.400000 50.400000 -20.200000
86 1579157608 0.254902 10.200000 53.000000 53.000000 -20.200000
86 1579157609 -0.232143 11.200000 50.400000 50.400000 -20.200000
86 1579157610 -0.232143 11.200000 47.800000 47.800000 -20.200000
86 1579157611 -0.232143 11.200000 45.200000 45.200000 -20.200000
86 1579157612 -0.232143 11.200000 42.600000 42.600000 -20.200000
86 1579157613 -0.232143 11.200000 40.000000 40.000000 -20.200000
86 1579157614 0.241379 11.600000 42.800000 42.800000 -20.200000
86 1579157615 0.241379 11.600000 45.600000 45.600000 -20.200000
86 1579157616 0.241379 11.600000 48.400000 48.400000 -20.200000
86 1579157617 0.241379 11.600000 51.200000 51.200000 -20.200000
86 1579157618 0.241379 11.600000 54.000000 54.000000 -20.200000
86 1579157619 -0.050000 12.000000 53.400000 53.400000 -20.200000
86 1579157620 -0.050000 12.000000 52.800000 52.800000 -20.200000
86 1579157621 -0.050000 12.000000 52.200000 52.200000 -20.200000
86 1579157622 -0.050000 12.000000 51.600000 51.600000 -20.200000
86 1579157623 -0.050000 12.000000 51.000000 51.000000 -20.200000
86 1579157624 0.015873 12.600000 51.200000 51.200000 -20.200000
86 1579157625 0.015873 12.600000 51.400000 51.400000 -20.200000
86 1579157626 0.015873 12.600000 51.600000 51.600000 -20.200000
86 1579157627 0.015873 12.600000 51.800000 51.800000 -20.200000
86 1579157628 0.015873 12.600000 52.000000 52.000000 -20.200000
86 1579157629 0.215385 13.000000 54.800000 54.800000 -20.200000
86 1579157630 0.215385 13.000000 57.600000 57.600000 -20.200000
86 1579157631 0.215385 13.000000 60.400000 60.400000 -20.200000
86 1579157632 0.215385 13.000000 63.200000 63.200000 -20.200000
86 1579157633 0.215385 13.000000 66.000000 66.000000 -20.200000
86 1579157634 -0.044776 13.400000 65.400000 65.400000 -20.200000
86 1579157635 -0.044776 13.400000 64.800000 64.800000 -20.200000
86 1579157636 -0.044776 13.400000 64.200000 64.200000 -20.200000
86 1579157637 -0.044776 13.400000 63.600000 63.600000 -20.200000
86 1579157638 -0.044776 13.400000 63.000000 63.000000 -20.200000
86 1579157639 0.014286 14.000000 63.200000 63.200000 -20.200000
86 1579157640 0.014286 14.000000 63.400000 63.400000 -20.200000
86 1579157641 0.014286 14.000000 63.600000 63.600000 -20.200000
86 1579157642 0.014286 14.000000 63.800000 63.800000 -20.200000
86 1579157643 0.014286 14.000000 64.000000 64.000000 -20.200000
86 1579157644 0.180556 14.400000 66.600000 66.600000 -20.200000
86 1579157645 0.180556 14.400000 69.200000 69.200000 -20.200000
86 1579157646 0.180556 14.400000 71.800000 71.800000 -20.200000
86 1579157647 0.180556 14.400000 74.400000 74.400000 -20.200000
86 1579157648 0.180556 14.400000 77.000000 77.000000 -20.200000
86 1579157649 -0.027027 14.800000 76.600000 76.600000 -20.200000
86 1579157650 -0.027027 14.800000 76.200000 76.200000 -20.200000
86 1579157651 -0.027027 14.800000 75.800000 75.800000 -20.200000
86 1579157652 -0.027027 14.800000 75.400000 75.400000 -20.200000
86 1579157653 -0.027027 14.800000 75.000000 75.000000 -20.200000
86 1579157654 0.000000 15.200000 75.000000 75.000000 -20.200000
86 1579157655 0.000000 15.200000 75.000000 75.000000 -20.200000
86 1579157656 0.000000 15.200000 75.000000 75.000000 -20.200000
86 1579157657 0.000000 15.200000 75.000000 75.000000 -20.200000
86 1579157658 0.000000 15.200000 75.000000 75.000000 -20.200000
86 1579157659 0.179487 15.600000 77.800000 77.800000 -20.200000
86 1579157660 0.179487 15.600000 80.600000 80.600000 -20.200000
86 1579157661 0.179487 15.600000 83.400000 83.400000 -20.200000
86 1579157662 0.179487 15.600000 86.200000 86.200000 -20.200000
86 1579157663 0.179487 15.600000 89.000000 89.000000 -20.200000
86 1579157664 -0.037500 16.000000 88.400000 88.400000 -20.200000
86 1579157665 -0.037500 16.000000 87.800000 87.800000 -20.200000
86 1579157666 -0.037500 16.000000 87.200000 87.200000 -20.200000
86 1579157667 -0.037500 16.000000 86.600000 86.600000 -20.200000
86 1579157668 -0.037500 16.000000 86.000000 86.000000 -20.200000
86 1579157669 0.000000 16.400000 86.000000 86.000000 -20.200000
86 1579157670 0.000000 16.400000 86.000000 86.000000 -20.200000
86 1579157671 0.000000 16.400000 86.000000 86.000000 -20.200000
86 1579157672 0.000000 16.400000 86.000000 86.000000 -20.200000
86 1579157673 0.000000 16.400000 86.000000 86.000000 -20.200000
86 1579157674 0.142857 16.800000 88.400000 88.400000 -20.200000
86 1579157675 0.142857 16.800000 90.800000 90.800000 -20.200000
86 1579157676 0.142857 16.800000 93.200000 93.200000 -20.200000
86 1579157677 0.142857 16.800000 95.600000 95.600000 -20.200000
86 1579157678 0.142857 16.800000 98.000000 98.000000 -20.200000
86 1579157679 -0.011628 17.200000 97.800000 97.800000 -20.200000
86 1579157680 -0.011628 17.200000 97.600000 97.600000 -20.200000
86 1579157681 -0.011628 17.200000 97.400000 97.400000 -20.200000
86 1579157682 -0.011628 17.200000 97.200000 97.200000 -20.200000
86 1579157683 -0.011628 17.200000 97.000000 97.000000 -20.200000
86 1579157684 0.000000 17.400000 97.000000 97.000000 -20.200000
86 1579157685 0.000000 17.400000 97.000000 97.000000 -20.200000
86 1579157686 0.000000 17.400000 97.000000 97.000000 -20.200000
86 1579157687 0.000000 17.400000 97.000000 97.000000 -20.200000
86 1579157688 0.000000 17.400000 97.000000 97.000000 -20.200000
86 1579157689 0.109890 18.200000 99.000000 99.000000 -20.200000
86 1579157690 0.109890 18.200000 101.000000 101.000000 -20.200000
86 1579157691 0.109890 18.200000 103.000000 103.000000 -20.200000
86 1579157692 0.109890 18.200000 105.000000 105.000000 -20.200000
86 1579157693 0.109890 18.200000 107.000000 107.000000 -20.200000
86 1579157694 0.000000 18.200000 107.000000 107.000000 -20.200000
86 1579157695 0.000000 18.200000 107.000000 107.000000 -20.200000
86 1579157696 0.000000 18.200000 107.000000 107.000000 -20.200000
86 1579157697 0.000000 18.200000 107.000000 107.000000 -20.200000
86 1579157698 0.000000 18.200000 107.000000 107.000000 -20.200000
86 1579157699 -0.021505 18.600000 106.600000 106.600000 -20.200000
86 1579157700 -0.021505 18.600000 106.200000 106.200000 -20.200000
86 1579157701 -0.021505 18.600000 105.800000 105.800000 -20.200000
86 1579157702 -0.021505 18.600000 105.400000 105.400000 -20.200000
86 1579157703 -0.021505 18.600000 105.000000 105.000000 -20.200000
86 1579157704 -0.031579 19.000000 104.400000 104.400000 -20.200000
86 1579157705 -0.031579 19.000000 103.800000 103.800000 -20.200000
86 1579157706 -0.031579 19.000000 103.200000 103.200000 -20.200000
86 1579157707 -0.031579 19.000000 102.600000 102.600000 -20.200000
86 1579157708 -0.031579 19.000000 102.000000 102.000000 -20.200000
86 1579157709 0.000000 19.000000 102.000000 102.000000 -20.200000
86 1579157710 0.000000 19.000000 102.000000 102.000000 -20.200000
86 1579157711 0.000000 19.000000 102.000000 102.000000 -20.200000
86 1579157712 0.000000 19.000000 102.000000 102.000000 -20.200000
86 1579157713 0.000000 19.000000 102.000000 102.000000 -20.200000
86 1579157714 -0.125000 19.200000 99.600000 99.600000 -20.200000
86 1579157715 -0.125000 19.200000 97.200000 97.200000 -20.200000
86 1579157716 -0.125000 19.200000 94.800000 94.800000 -20.200000
86 1579157717 -0.125000 19.200000 92.400000 92.400000 -20.200000
86 1579157718 -0.125000 19.200000 90.000000 90.000000 -20.200000
86 1579157719 0.000000 19.200000 90.000000 90.000000 -20.200000
86 1579157720 0.000000 19.200000 90.000000 90.000000 -20.200000
86 1579157721 0.000000 19.200000 90.000000 90.000000 -20.200000
86 1579157722 0.000000 19.200000 90.000000 90.000000 -20.200000
86 1579157723 0.000000 19.200000 90.000000 90.000000 -20.200000
86 1579157724 -0.153061 19.600000 87.000000 87.000000 -20.200000
86 1579157725 -0.153061 19.600000 84.000000 84.000000 -20.200000
86 1579157726 -0.153061 19.600000 81.000000 81.000000 -20.200000
86 1579157727 -0.153061 19.600000 78.000000 78.000000 -20.200000
86 1579157728 -0.153061 19.600000 75.000000 75.000000 -20.200000
86 1579157729 -0.141414 19.800000 72.200000 72.200000 -20.200000
86 1579157730 -0.141414 19.800000 69.400000 69.400000 -20.200000
86 1579157731 -0.141414 19.800000 66.600000 66.600000 -20.200000
86 1579157732 -0.141414 19.800000 63.800000 63.800000 -20.200000
86 1579157733 -0.141414 19.800000 61.000000 61.000000 -20.200000
86 1579157734 0.000000 19.800000 61.000000 61.000000 -20.200000
86 1579157735 0.000000 19.800000 61.000000 61.000000 -20.200000
86 1579157736 0.000000 19.800000 61.000000 61.000000 -20.200000
86 1579157737 0.000000 19.800000 61.000000 61.000000 -20.200000
86 1579157738 0.000000 19.800000 61.000000 61.000000 -20.200000
86 1579157739 0.000000 19.800000 61.000000 61.000000 -20.200000
86 1579157740 0.000000 19.800000 61.000000 61.000000 -20.200000
86 1579157741 0.000000 19.800000 61.000000 61.000000 -20.200000
86 1579157742 0.000000 19.800000 61.000000 61.000000 -20.200000
86 1579157743 0.000000 19.800000 61.000000 61.000000 -20.200000
86 1579157744 -0.120000 20.000000 58.600000 58.600000 -20.200000
86 1579157745 -0.120000 20.000000 56.200000 56.200000 -20.200000
86 1579157746 -0.120000 20.000000 53.800000 53.800000 -20.200000
86 1579157747 -0.120000 20.000000 51.400000 51.400000 -20.200000
86 1579157748 -0.120000 20.000000 49.000000 49.000000 -20.200000
86 1579157749 0.000000 20.000000 49.000000 49.000000 -20.200000
86 1579157750 0.000000 20.000000 49.000000 49.000000 -20.200000
86 1579157751 0.000000 20.000000 49.000000 49.000000 -20.200000
86 1579157752 0.000000 20.000000 49.000000 49.000000 -20.200000
86 1579157753 0.000000 20.000000 49.000000 49.000000 -20.200000
86 1579157754 0.000000 20.000000 49.000000 49.000000 -20.200000
86 1579157755 0.000000 20.000000 49.000000 49.000000 -20.200000
86 1579157756 0.000000 20.000000 49.000000 49.000000 -20.200000
86 1579157757 0.000000 20.000000 49.000000 49.000000 -20.200000
86 1579157758 0.000000 20.000000 49.000000 49.000000 -20.200000
86 1579157759 -0.118812 20.200000 46.600000 46.600000 -20.200000
86 1579157760 -0.118812 20.200000 44.200000 44.200000 -20.200000
86 1579157761 -0.118812 20.200000 41.800000 41.800000 -20.200000
86 1579157762 -0.118812 20.200000 39.400000 39.400000 -20.200000
86 1579157763 -0.118812 20.200000 37.000000 37.000000 -20.200000
86 1579157764 0.000000 20.200000 37.000000 37.000000 -20.200000
86 1579157765 0.000000 20.200000 37.000000 37.000000 -20.200000
86 1579157766 0.000000 20.200000 37.000000 37.000000 -20.200000
86 1579157767 0.000000 20.200000 37.000000 37.000000 -20.200000
86 1579157768 0.000000 20.200000 37.000000 37.000000 -20.200000
86 1579157769 -0.117647 20.400000 34.600000 34.600000 -20.200000
86 1579157770 -0.117647 20.400000 32.200000 32.200000 -20.200000
86 1579157771 -0.117647 20.400000 29.800000 29.800000 -20.200000
86 1579157772 -0.117647 20.400000 27.400000 27.400000 -20.200000
86 1579157773 -0.117647 20.400000 25.000000 25.000000 -20.200000
86 1579157774 0.000000 20.400000 25.000000 25.000000 -20.200000
86 1579157775 0.000000 20.400000 25.000000 25.000000 -20.200000
86 1579157776 0.000000 20.400000 25.000000 25.000000 -20.200000
86 1579157777 0.000000 20.400000 25.000000 25.000000 -20.200000
86 1579157778 0.000000 20.400000 25.000000 25.000000 -20.200000
86 1579157779 0.000000 20.400000 25.000000 25.000000 -20.200000
86 1579157780 0.000000 20.400000 25.000000 25.000000 -20.200000
86 1579157781 0.000000 20.400000 25.000000 25.000000 -20.200000
86 1579157782 0.000000 20.400000 25.000000 25.000000 -20.200000
86 1579157783 0.000000 20.400000 25.000000 25.000000 -20.200000
86 1579157784 0.000000 20.400000 25.000000 25.000000 -20.200000
86 1579157785 0.000000 20.400000 25.000000 25.000000 -20.200000
86 1579157786 0.000000 20.400000 25.000000 25.000000 -20.200000
86 1579157787 0.000000 20.400000 25.000000 25.000000 -20.200000
86 1579157788 0.000000 20.400000 25.000000 25.000000 -20.200000
86 1579157789 -0.116505 20.600000 22.600000 22.600000 -20.200000
86 1579157790 -0.116505 20.600000 20.200000 20.200000 -20.200000
86 1579157791 -0.116505 20.600000 17.800000 17.800000 -20.200000
86 1579157792 -0.116505 20.600000 15.400000 15.400000 -20.200000
86 1579157793 -0.116505 20.600000 13.000000 13.000000 -20.200000
86 1579157794 0.000000 20.600000 13.000000 13.000000 -20.200000
86 1579157795 0.000000 20.600000 13.000000 13.000000 -20.200000
86 1579157796 0.000000 20.600000 13.000000 13.000000 -20.200000
86 1579157797 0.000000 20.600000 13.000000 13.000000 -20.200000
86 1579157798 0.000000 20.600000 13.000000 13.000000 -20.200000
86 1579157799 0.000000 20.600000 13.000000 13.000000 -20.200000
86 1579157800 0.000000 20.600000 13.000000 13.000000 -20.200000
86 1579157801 0.000000 20.600000 13.000000 13.000000 -20.200000
86 1579157802 0.000000 20.600000 13.000000 13.000000 -20.200000
86 1579157803 0.000000 20.600000 13.000000 13.000000 -20.200000
86 1579157804 0.000000 20.600000 13.000000 13.000000 -20.200000
86 1579157805 0.000000 20.600000 13.000000 13.000000 -20.200000
86 1579157806 0.000000 20.600000 13.000000 13.000000 -20.200000
86 1579157807 0.000000 20.600000 13.000000 13.000000 -20.200000
86 1579157808 0.000000 20.600000 13.000000 13.000000 -20.200000
86 1579157809 -0.038095 21.000000 12.200000 12.200000 -20.200000
86 1579157810 -0.038095 21.000000 11.400000 11.400000 -20.200000
86 1579157811 -0.038095 21.000000 10.600000 10.600000 -20.200000
86 1579157812 -0.038095 21.000000 9.800000 9.800000 -20.200000
86 1579157813 -0.038095 21.000000 9.000000 9.000000 -20.200000
86 1579157814 0.000000 21.000000 9.000000 9.000000 -20.200000
86 1579157815 0.000000 21.000000 9.000000 9.000000 -20.200000
86 1579157816 0.000000 21.000000 9.000000 9.000000 -20.200000
86 1579157817 0.000000 21.000000 9.000000 9.000000 -20.200000
86 1579157818 0.000000 21.000000 9.000000 9.000000 -20.200000
86 1579157819 0.000000 21.000000 9.000000 9.000000 -20.200000
86 1579157820 0.000000 21.000000 9.000000 9.000000 -20.200000
86 1579157821 0.000000 21.000000 9.000000 9.000000 -20.200000
86 1579157883 -3.000000 0.200000 0.000000 0.000000 2040.272000
86 1579157882 -3.000000 0.200000 0.600000 0.600000 2040.272000
86 1579157881 -3.000000 0.200000 1.200000 1.200000 2040.272000
86 1579157880 -3.000000 0.200000 1.800000 1.800000 2040.272000
86 1579157879 -3.000000 0.200000 2.400000 2.400000 2040.272000
86 1579157878 0.000000 0.200000 3.000000 3.000000 2040.200000
86 1579157877 0.000000 0.200000 3.000000 3.000000 2040.200000
86 1579157876 0.000000 0.200000 3.000000 3.000000 2040.200000
86 1579157875 0.000000 0.200000 3.000000 3.000000 2040.200000
86 1579157874 0.000000 0.200000 3.000000 3.000000 2040.200000
86 1579157873 0.000000 0.200000 3.000000 3.000000 2040.200000
86 1579157872 0.000000 0.200000 3.000000 3.000000 2040.200000
86 1579157871 0.000000 0.200000 3.000000 3.000000 2040.200000
86 1579157870 0.000000 0.200000 3.000000 3.000000 2040.200000
86 1579157869 0.000000 0.200000 3.000000 3.000000 2040.200000
86 1579157868 -2.000000 0.200000 3.000000 3.000000 2040.232000
86 1579157867 -2.000000 0.200000 3.400000 3.400000 2040.232000
86 1579157866 -2.000000 0.200000 3.800000 3.800000 2040.232000
86 1579157865 -2.000000 0.200000 4.200000 4.200000 2040.232000
86 1579157864 -2.000000 0.200000 4.600000 4.600000 2040.232000
86 1579157863 0.000000 0.200000 5.000000 5.000000 2040.200000
86 1579157862 0.000000 0.200000 5.000000 5.000000 2040.200000
86 1579157861 0.000000 0.200000 5.000000 5.000000 2040.200000
86 1579157860 0.000000 0.200000 5.000000 5.000000 2040.200000
86 1579157859 0.000000 0.200000 5.000000 5.000000 2040.200000
86 1579157858 -2.000000 0.200000 5.000000 5.000000 2040.232000
86 1579157857 -2.000000 0.200000 5.400000 5.400000 2040.232000
86 1579157856 -2.000000 0.200000 5.800000 5.800000 2040.232000
86 1579157855 -2.000000 0.200000 6.200000 6.200000 2040.232000
86 1579157854 -2.000000 0.200000 6.600000 6.600000 2040.232000
86 1579157853 0.000000 0.200000 7.000000 7.000000 2040.200000
86 1579157852 0.000000 0.200000 7.000000 7.000000 2040.200000
86 1579157851 0.000000 0.200000 7.000000 7.000000 2040.200000
86 1579157850 0.000000 0.200000 7.000000 7.000000 2040.200000
86 1579157849 0.000000 0.200000 7.000000 7.000000 2040.200000
86 1579157848 0.000000 0.200000 7.000000 7.000000 2040.200000
86 1579157847 0.000000 0.200000 7.000000 7.000000 2040.200000
86 1579157846 0.000000 0.200000 7.000000 7.000000 2040.200000
86 1579157845 0.000000 0.200000 7.000000 7.000000 2040.200000
86 1579157844 0.000000 0.200000 7.000000 7.000000 2040.200000
86 1579157843 0.000000 0.200000 7.000000 7.000000 2040.200000
86 1579157842 0.000000 0.200000 7.000000 7.000000 2040.200000
86 1579157841 0.000000 0.200000 7.000000 7.000000 2040.200000
86 1579157840 0.000000 0.200000 7.000000 7.000000 2040.200000
86 1579157839 0.000000 0.200000 7.000000 7.000000 2040.200000
86 1579157838 -2.000000 0.200000 7.000000 7.000000 2040.232000
86 1579157837 -2.000000 0.200000 7.400000 7.400000 2040.232000
86 1579157836 -2.000000 0.200000 7.800000 7.800000 2040.232000
86 1579157835 -2.000000 0.200000 8.200000 8.200000 2040.232000
86 1579157834 -2.000000 0.200000 8.600000 8.600000 2040.232000
86 1579157833 0.000000 0.200000 9.000000 9.000000 2040.200000
86 1579157832 0.000000 0.200000 9.000000 9.000000 2040.200000
86 1579157831 0.000000 0.200000 9.000000 9.000000 2040.200000
86 1579157830 0.000000 0.200000 9.000000 9.000000 2040.200000
86 1579157829 0.000000 0.200000 9.000000 9.000000 2040.200000
86 1579157828 0.000000 0.200000 9.000000 9.000000 2040.200000
86 1579157827 0.000000 0.200000 9.000000 9.000000 2040.200000
86 1579157826 0.000000 0.200000 9.000000 9.000000 2040.200000
86 1579157825 0.000000 0.200000 9.000000 9.000000 2040.200000
86 1579157824 0.000000 0.200000 9.000000 9.000000 2040.200000
86 1579157823 0.000000 0.200000 9.000000 9.000000 2040.200000
86 1579157822 0.000000 0.200000 9.000000 9.000000 2040.200000
86 1579157822 0.000000 21.000000 9.000000 9.000000 -20.200000
86 1579157823 0.000000 21.000000 9.000000 9.000000 -20.200000
86 1579157824 0.000000 21.000000 9.000000 9.000000 -20.200000
86 1579157825 0.000000 21.000000 9.000000 9.000000 -20.200000
86 1579157826 0.000000 21.000000 9.000000 9.000000 -20.200000
86 1579157827 0.000000 21.000000 9.000000 9.000000 -20.200000
86 1579157828 0.000000 21.000000 9.000000 9.000000 -20.200000
86 1579157829 0.000000 21.000000 9.000000 9.000000 -20.200000
86 1579157830 0.000000 21.000000 9.000000 9.000000 -20.200000
86 1579157831 0.000000 21.000000 9.000000 9.000000 -20.200000
86 1579157832 0.000000 21.000000 9.000000 9.000000 -20.200000
86 1579157833 0.000000 21.000000 9.000000 9.000000 -20.200000
86 1579157834 -0.018692 21.400000 8.600000 8.600000 -20.200000
86 1579157835 -0.018692 21.400000 8.200000 8.200000 -20.200000
86 1579157836 -0.018692 21.400000 7.800000 7.800000 -20.200000
86 1579157837 -0.018692 21.400000 7.400000 7.400000 -20.200000
86 1579157838 -0.018692 21.400000 7.000000 7.000000 -20.200000
86 1579157839 0.000000 21.400000 7.000000 7.000000 -20.200000
86 1579157840 0.000000 21.400000 7.000000 7.000000 -20.200000
86 1579157841 0.000000 21.400000 7.000000 7.000000 -20.200000
86 1579157842 0.000000 21.400000 7.000000 7.000000 -20.200000
86 1579157843 0.000000 21.400000 7.000000 7.000000 -20.200000
86 1579157844 0.000000 21.400000 7.000000 7.000000 -20.200000
86 1579157845 0.000000 21.400000 7.000000 7.000000 -20.200000
86 1579157846 0.000000 21.400000 7.000000 7.000000 -20.200000
86 1579157847 0.000000 21.400000 7.000000 7.000000 -20.200000
86 1579157848 0.000000 21.400000 7.000000 7.000000 -20.200000
86 1579157849 0.000000 21.400000 7.000000 7.000000 -20.200000
86 1579157850 0.000000 21.400000 7.000000 7.000000 -20.200000
86 1579157851 0.000000 21.400000 7.000000 7.000000 -20.200000
86 1579157852 0.000000 21.400000 7.000000 7.000000 -20.200000
86 1579157853 0.000000 21.400000 7.000000 7.000000 -20.200000
86 1579157854 -0.018349 21.800000 6.600000 6.600000 -20.200000
86 1579157855 -0.018349 21.800000 6.200000 6.200000 -20.200000
86 1579157856 -0.018349 21.800000 5.800000 5.800000 -20.200000
86 1579157857 -0.018349 21.800000 5.400000 5.400000 -20.200000
86 1579157858 -0.018349 21.800000 5.000000 5.000000 -20.200000
86 1579157859 0.000000 21.800000 5.000000 5.000000 -20.200000
86 1579157860 0.000000 21.800000 5.000000 5.000000 -20.200000
86 1579157861 0.000000 21.800000 5.000000 5.000000 -20.200000
86 1579157862 0.000000 21.800000 5.000000 5.000000 -20.200000
86 1579157863 0.000000 21.800000 5.000000 5.000000 -20.200000
86 1579157864 -0.018018 22.200000 4.600000 4.600000 -20.200000
86 1579157865 -0.018018 22.200000 4.200000 4.200000 -20.200000
86 1579157866 -0.018018 22.200000 3.800000 3.800000 -20.200000
86 1579157867 -0.018018 22.200000 3.400000 3.400000 -20.200000
86 1579157868 -0.018018 22.200000 3.000000 3.000000 -20.200000
86 1579157869 0.000000 22.200000 3.000000 3.000000 -20.200000
86 1579157870 0.000000 22.200000 3.000000 3.000000 -20.200000
86 1579157871 0.000000 22.200000 3.000000 3.000000 -20.200000
86 1579157872 0.000000 22.200000 3.000000 3.000000 -20.200000
86 1579157873 0.000000 22.200000 3.000000 3.000000 -20.200000
86 1579157874 0.000000 22.200000 3.000000 3.000000 -20.200000
86 1579157875 0.000000 22.200000 3.000000 3.000000 -20.200000
86 1579157876 0.000000 22.200000 3.000000 3.000000 -20.200000
86 1579157877 0.000000 22.200000 3.000000 3.000000 -20.200000
86 1579157878 0.000000 22.200000 3.000000 3.000000 -20.200000
86 1579157879 -0.026549 22.600000 2.400000 2.400000 -20.200000
86 1579157880 -0.026549 22.600000 1.800000 1.800000 -20.200000
86 1579157881 -0.026549 22.600000 1.200000 1.200000 -20.200000
86 1579157882 -0.026549 22.600000 0.600000 0.600000 -20.200000
86 1579157883 -0.026549 22.600000 0.000000 0.000000 -20.200000
86 1579157884 0.000000 22.600000 0.000000 0.000000 -20.200000
86 1579157885 0.000000 22.600000 0.000000 0.000000 -20.200000
86 1579157886 0.000000 22.600000 0.000000 0.000000 -20.200000
86 1579157887 0.000000 22.600000 0.000000 0.000000 -20.200000
86 1579157888 0.000000 22.600000 0.000000 0.000000 -20.200000
86 1579157889 0.000000 22.600000 0.000000 0.000000 -20.200000
86 1579157890 0.000000 22.600000 0.000000 0.000000 -20.200000
86 1579157891 0.000000 22.600000 0.000000 0.000000 -20.200000
86 1579157892 0.000000 22.600000 0.000000 0.000000 -20.200000
86 1579157893 0.000000 22.600000 0.000000 0.000000 -20.200000
86 1579157894 0.000000 22.600000 0.000000 0.000000 -20.200000
86 1579157895 0.000000 22.600000 0.000000 0.000000 -20.200000
86 1579157896 0.000000 22.600000 0.000000 0.000000 -20.200000
86 1579157897 0.000000 22.600000 0.000000 0.000000 -20.200000
86 1579157898 0.000000 22.600000 0.000000 0.000000 -20.200000
86 1579157899 0.000000 22.600000 0.000000 0.000000 -20.200000
86 1579157900 0.000000 22.600000 0.000000 0.000000 -20.200000
86 1579157901 0.000000 22.600000 0.000000 0.000000 -20.200000
86 1579157902 0.000000 22.600000 0.000000 0.000000 -20.200000
86 1579157903 0.000000 22.600000 0.000000 0.000000 -20.200000
86 1579157904 0.000000 22.600000 0.000000 0.000000 -20.200000
86 1579157905 0.000000 22.600000 0.000000 0.000000 -20.200000
86 1579157906 0.000000 22.600000 0.000000 0.000000 -20.200000
86 1579157907 0.000000 22.600000 0.000000 0.000000 -20.200000
86 1579157908 0.000000 22.600000 0.000000 0.000000 -20.200000
86 1579157909 0.000000 22.600000 0.000000 0.000000 -20.200000
86 1579157910 0.000000 22.600000 0.000000 0.000000 -20.200000
86 1579157911 0.000000 22.600000 0.000000 0.000000 -20.200000
86 1579157912 0.000000 22.600000 0.000000 0.000000 -20.200000
86 1579157913 0.000000 22.600000 0.000000 0.000000 -20.200000
86 1579157914 0.000000 22.600000 0.000000 0.000000 -20.200000
86 1579157915 0.000000 22.600000 0.000000 0.000000 -20.200000
86 1579157916 0.000000 22.600000 0.000000 0.000000 -20.200000
86 1579157917 0.000000 22.600000 0.000000 0.000000 -20.200000
86 1579157918 0.000000 22.600000 0.000000 0.000000 -20.200000
86 1579157919 0.000000 22.600000 0.000000 0.000000 -20.200000
86 1579157920 0.000000 22.600000 0.000000 0.000000 -20.200000
86 1579157921 0.000000 22.600000 0.000000 0.000000 -20.200000
86 1579157922 0.000000 22.600000 0.000000 0.000000 -20.200000
86 1579157923 0.000000 22.600000 0.000000 0.000000 -20.200000
86 1579157924 0.000000 22.600000 0.000000 0.000000 -20.200000
86 1579157925 0.000000 22.600000 0.000000 0.000000 -20.200000
86 1579157926 0.000000 22.600000 0.000000 0.000000 -20.200000
86 1579157927 0.000000 22.600000 0.000000 0.000000 -20.200000
86 1579157928 0.000000 22.600000 0.000000 0.000000 -20.200000
86 1579157929 0.000000 22.600000 0.000000 0.000000 -20.200000
86 1579157930 0.000000 22.600000 0.000000 0.000000 -20.200000
86 1579157931 0.000000 22.600000 0.000000 0.000000 -20.200000
86 1579157932 0.000000 22.600000 0.000000 0.000000 -20.200000
86 1579157933 0.000000 22.600000 0.000000 0.000000 -20.200000
86 1579157934 0.000000 22.600000 0.000000 0.000000 -20.200000
86 1579157935 0.000000 22.600000 0.000000 0.000000 -20.200000
86 1579157936 0.000000 22.600000 0.000000 0.000000 -20.200000
86 1579157937 0.000000 22.600000 0.000000 0.000000 -20.200000
86 1579157938 0.000000 22.600000 0.000000 0.000000 -20.200000
86 1579157939 0.000000 22.600000 0.000000 0.000000 -20.200000
86 1579157940 0.000000 22.600000 0.000000 0.000000 -20.200000
86 1579157941 0.000000 22.600000 0.000000 0.000000 -20.200000
86 1579157942 0.000000 22.600000 0.000000 0.000000 -20.200000
86 1579157943 0.000000 22.600000 0.000000 0.000000 -20.200000
86 1579157944 0.781513 23.800000 18.600000 18.600000 -20.200000
86 1579157945 0.781513 23.800000 37.200000 37.200000 -20.200000
86 1579157946 0.781513 23.800000 55.800000 55.800000 -20.200000
86 1579157947 0.781513 23.800000 74.400000 74.400000 -20.200000
86 1579157948 0.781513 23.800000 93.000000 93.000000 -20.200000
86 1579157949 -0.136000 25.000000 89.600000 89.600000 -20.200000
86 1579157950 -0.136000 25.000000 86.200000 86.200000 -20.200000
86 1579157951 -0.136000 25.000000 82.800000 82.800000 -20.200000
86 1579157952 -0.136000 25.000000 79.400000 79.400000 -20.200000
86 1579157953 -0.136000 25.000000 76.000000 76.000000 -20.200000
86 1579157954 0.000000 25.000000 76.000000 76.000000 -20.200000
86 1579157955 0.000000 25.000000 76.000000 76.000000 -20.200000
86 1579157956 0.000000 25.000000 76.000000 76.000000 -20.200000
86 1579157957 0.000000 25.000000 76.000000 76.000000 -20.200000
86 1579157958 0.000000 25.000000 76.000000 76.000000 -20.200000
86 1579157959 0.000000 25.000000 76.000000 76.000000 -20.200000
86 1579157960 0.000000 25.000000 76.000000 76.000000 -20.200000
86 1579157961 0.000000 25.000000 76.000000 76.000000 -20.200000
86 1579157962 0.000000 25.000000 76.000000 76.000000 -20.200000
86 1579157963 0.000000 25.000000 76.000000 76.000000 -20.200000
86 1579157964 0.000000 25.000000 76.000000 76.000000 -20.200000
86 1579157965 0.000000 25.000000 76.000000 76.000000 -20.200000
86 1579157966 0.000000 25.000000 76.000000 76.000000 -20.200000
86 1579157967 0.000000 25.000000 76.000000 76.000000 -20.200000
86 1579157968 0.000000 25.000000 76.000000 76.000000 -20.200000
86 1579157969 0.000000 25.000000 76.000000 76.000000 -20.200000
86 1579157970 0.000000 25.000000 76.000000 76.000000 -20.200000
86 1579157971 0.000000 25.000000 76.000000 76.000000 -20.200000
86 1579157972 0.000000 25.000000 76.000000 76.000000 -20.200000
86 1579157973 0.000000 25.000000 76.000000 76.000000 -20.200000
86 1579157974 0.000000 25.000000 76.000000 76.000000 -20.200000
86 1579157975 0.000000 25.000000 76.000000 76.000000 -20.200000
86 1579157976 0.000000 25.000000 76.000000 76.000000 -20.200000
86 1579157977 0.000000 25.000000 76.000000 76.000000 -20.200000
86 1579157978 0.000000 25.000000 76.000000 76.000000 -20.200000
86 1579157979 0.000000 25.000000 76.000000 76.000000 -20.200000
86 1579157980 0.000000 25.000000 76.000000 76.000000 -20.200000
86 1579157981 0.000000 25.000000 76.000000 76.000000 -20.200000
86 1579157982 0.000000 25.000000 76.000000 76.000000 -20.200000
86 1579157983 0.000000 25.000000 76.000000 76.000000 -20.200000
86 1579157984 0.000000 25.000000 76.000000 76.000000 -20.200000
86 1579157985 0.000000 25.000000 76.000000 76.000000 -20.200000
86 1579157986 0.000000 25.000000 76.000000 76.000000 -20.200000
86 1579157987 0.000000 25.000000 76.000000 76.000000 -20.200000
86 1579157988 0.000000 25.000000 76.000000 76.000000 -20.200000
86 1579157989 0.000000 25.000000 76.000000 76.000000 -20.200000
86 1579157990 0.000000 25.000000 76.000000 76.000000 -20.200000
86 1579157991 0.000000 25.000000 76.000000 76.000000 -20.200000
86 1579157964 35.000000 0.200000 7.000000 7.000000 9.800000
86 1579157965 35.000000 0.200000 7.000000 7.000000 9.800000
86 1579157966 35.000000 0.200000 7.000000 7.000000 9.800000
86 1579157967 35.000000 0.200000 7.000000 7.000000 9.800000
86 1579157968 35.000000 0.200000 7.000000 7.000000 9.800000
86 1579157992 0.000000 25.200000 83.000000 83.000000 -20.200000
86 1579157993 0.000000 25.200000 83.000000 83.000000 -20.200000
86 1579157994 0.000000 25.200000 83.000000 83.000000 -20.200000
86 1579157995 0.000000 25.200000 83.000000 83.000000 -20.200000
86 1579157996 0.000000 25.200000 83.000000 83.000000 -20.200000
86 1579157997 0.000000 25.200000 83.000000 83.000000 -20.200000
86 1579157998 0.000000 25.200000 83.000000 83.000000 -20.200000
86 1579157999 0.000000 25.200000 83.000000 83.000000 -20.200000
86 1579158000 0.000000 25.200000 83.000000 83.000000 -20.200000
86 1579158001 0.000000 25.200000 83.000000 83.000000 -20.200000
86 1579158002 0.000000 25.200000 83.000000 83.000000 -20.200000
86 1579158003 0.000000 25.200000 83.000000 83.000000 -20.200000
86 1579158004 0.000000 25.200000 83.000000 83.000000 -20.200000
86 1579158005 0.000000 25.200000 83.000000 83.000000 -20.200000
86 1579158006 0.000000 25.200000 83.000000 83.000000 -20.200000
86 1579158007 0.000000 25.200000 83.000000 83.000000 -20.200000
86 1579158008 0.000000 25.200000 83.000000 83.000000 -20.200000
86 1579158009 0.000000 25.200000 83.000000 83.000000 -20.200000
86 1579158010 0.000000 25.200000 83.000000 83.000000 -20.200000
86 1579158011 0.000000 25.200000 83.000000 83.000000 -20.200000
86 1579158012 0.000000 25.200000 83.000000 83.000000 -20.200000
86 1579158013 0.000000 25.200000 83.000000 83.000000 -20.200000
86 1579158014 0.000000 25.200000 83.000000 83.000000 -20.200000
86 1579158015 0.000000 25.200000 83.000000 83.000000 -20.200000
86 1579158016 0.000000 25.200000 83.000000 83.000000 -20.200000
86 1579158017 0.000000 25.200000 83.000000 83.000000 -20.200000
86 1579158018 0.000000 25.200000 83.000000 83.000000 -20.200000
86 1579158019 0.000000 25.200000 83.000000 83.000000 -20.200000
86 1579158020 0.000000 25.200000 83.000000 83.000000 -20.200000
86 1579158021 0.000000 25.200000 83.000000 83.000000 -20.200000
86 1579158022 0.000000 25.200000 83.000000 83.000000 -20.200000
86 1579158023 0.000000 25.200000 83.000000 83.000000 -20.200000
86 1579158024 0.000000 25.200000 83.000000 83.000000 -20.200000
86 1579158025 0.000000 25.200000 83.000000 83.000000 -20.200000
86 1579158026 0.000000 25.200000 83.000000 83.000000 -20.200000
86 1579158027 0.000000 25.200000 83.000000 83.000000 -20.200000
86 1579158028 0.000000 25.200000 83.000000 83.000000 -20.200000
86 1579158029 0.000000 25.200000 83.000000 83.000000 -20.200000
86 1579158030 0.000000 25.200000 83.000000 83.000000 -20.200000
86 1579158031 0.000000 25.200000 83.000000 83.000000 -20.200000
86 1579158032 0.000000 25.200000 83.000000 83.000000 -20.200000
86 1579158033 0.000000 25.200000 83.000000 83.000000 -20.200000
86 1579158034 0.000000 25.200000 83.000000 83.000000 -20.200000
86 1579158035 0.000000 25.200000 83.000000 83.000000 -20.200000
86 1579158036 0.000000 25.200000 83.000000 83.000000 -20.200000
86 1579158037 0.000000 25.200000 83.000000 83.000000 -20.200000
86 1579158038 0.000000 25.200000 83.000000 83.000000 -20.200000
86 1579158039 0.000000 25.200000 83.000000 83.000000 -20.200000
86 1579158040 0.000000 25.200000 83.000000 83.000000 -20.200000
86 1579158041 0.000000 25.200000 83.000000 83.000000 -20.200000
86 1579158042 0.000000 25.200000 83.000000 83.000000 -20.200000
86 1579158043 0.000000 25.200000 83.000000 83.000000 -20.200000
86 1579158044 0.000000 25.200000 83.000000 83.000000 -20.200000
86 1579158045 0.000000 25.200000 83.000000 83.000000 -20.200000
86 1579158046 0.000000 25.200000 83.000000 83.000000 -20.200000
86 1579158047 0.000000 25.200000 83.000000 83.000000 -20.200000
86 1579158048 0.000000 25.200000 83.000000 83.000000 -20.200000
86 1579158049 0.000000 25.200000 83.000000 83.000000 -20.200000
86 1579158050 0.000000 25.200000 83.000000 83.000000 -20.200000
86 1579158051 0.000000 25.200000 83.000000 83.000000 -20.200000
86 1579158052 0.000000 25.200000 83.000000 83.000000 -20.200000
86 1579158053 0.000000 25.200000 83.000000 83.000000 -20.200000
86 1579158054 -0.450382 26.200000 71.200000 71.200000 -20.200000
86 1579158055 -0.450382 26.200000 59.400000 59.400000 -20.200000
86 1579158056 -0.450382 26.200000 47.600000 47.600000 -20.200000
86 1579158057 -0.450382 26.200000 35.800000 35.800000 -20.200000
86 1579158058 -0.450382 26.200000 24.000000 24.000000 -20.200000
86 1579158059 0.000000 26.200000 24.000000 24.000000 -20.200000
86 1579158060 0.000000 26.200000 24.000000 24.000000 -20.200000
86 1579158061 0.000000 26.200000 24.000000 24.000000 -20.200000
86 1579158062 0.000000 26.200000 24.000000 24.000000 -20.200000
86 1579158063 0.000000 26.200000 24.000000 24.000000 -20.200000
86 1579158064 0.000000 26.200000 24.000000 24.000000 -20.200000
86 1579158065 0.000000 26.200000 24.000000 24.000000 -20.200000
86 1579158066 0.000000 26.200000 24.000000 24.000000 -20.200000
86 1579158067 0.000000 26.200000 24.000000 24.000000 -20.200000
86 1579158068 0.000000 26.200000 24.000000 24.000000 -20.200000
86 1579158069 0.000000 26.200000 24.000000 24.000000 -20.200000
86 1579158070 0.000000 26.200000 24.000000 24.000000 -20.200000
86 1579158071 0.000000 26.200000 24.000000 24.000000 -20.200000
86 1579158072 0.000000 26.200000 24.000000 24.000000 -20.200000
86 1579158073 0.000000 26.200000 24.000000 24.000000 -20.200000
86 1579158074 -0.075758 26.400000 22.000000 22.000000 -20.200000
86 1579158075 -0.075758 26.400000 20.000000 20.000000 -20.200000
86 1579158076 -0.075758 26.400000 18.000000 18.000000 -20.200000
86 1579158077 -0.075758 26.400000 16.000000 16.000000 -20.200000
86 1579158078 -0.075758 26.400000 14.000000 14.000000 -20.200000
86 1579158079 0.000000 26.400000 14.000000 14.000000 -20.200000
86 1579158080 0.000000 26.400000 14.000000 14.000000 -20.200000
86 1579158081 0.000000 26.400000 14.000000 14.000000 -20.200000
86 1579158082 0.000000 26.400000 14.000000 14.000000 -20.200000
86 1579158083 0.000000 26.400000 14.000000 14.000000 -20.200000
86 1579158084 0.014925 26.800000 14.400000 14.400000 -20.200000
86 1579158085 0.014925 26.800000 14.800000 14.800000 -20.200000
86 1579158086 0.014925 26.800000 15.200000 15.200000 -20.200000
86 1579158087 0.014925 26.800000 15.600000 15.600000 -20.200000
86 1579158088 0.014925 26.800000 16.000000 16.000000 -20.200000
86 1579158089 0.000000 26.800000 16.000000 16.000000 -20.200000
86 1579158090 0.000000 26.800000 16.000000 16.000000 -20.200000
86 1579158091 0.000000 26.800000 16.000000 16.000000 -20.200000
86 1579158092 0.000000 26.800000 16.000000 16.000000 -20.200000
86 1579158093 0.000000 26.800000 16.000000 16.000000 -20.200000
86 1579158094 0.000000 26.800000 16.000000 16.000000 -20.200000
86 1579158095 0.000000 26.800000 16.000000 16.000000 -20.200000
86 1579158096 0.000000 26.800000 16.000000 16.000000 -20.200000
86 1579158084 5.000000 0.600000 1.000000 1.000000 5.400000
86 1579158085 5.000000 0.600000 1.000000 1.000000 5.400000
86 1579158086 5.000000 0.600000 1.000000 1.000000 5.400000
86 1579158087 5.000000 0.600000 1.000000 1.000000 5.400000
86 1579158088 5.000000 0.600000 1.000000 1.000000 5.400000
86 1579158097 0.000000 27.400000 19.000000 19.000000 -20.200000
86 1579158098 0.000000 27.400000 19.000000 19.000000 -20.200000
86 1579158099 0.000000 27.400000 19.000000 19.000000 -20.200000
86 1579158100 0.000000 27.400000 19.000000 19.000000 -20.200000
86 1579158101 0.000000 27.400000 19.000000 19.000000 -20.200000
86 1579158102 0.000000 27.400000 19.000000 19.000000 -20.200000
86 1579158103 0.000000 27.400000 19.000000 19.000000 -20.200000
86 1579158104 0.007246 27.600000 19.200000 19.200000 -20.200000
86 1579158105 0.007246 27.600000 19.400000 19.400000 -20.200000
86 1579158106 0.007246 27.600000 19.600000 19.600000 -20.200000
86 1579158107 0.007246 27.600000 19.800000 19.800000 -20.200000
86 1579158108 0.007246 27.600000 20.000000 20.000000 -20.200000
86 1579158109 0.000000 27.600000 20.000000 20.000000 -20.200000
86 1579158110 0.000000 27.600000 20.000000 20.000000 -20.200000
86 1579158111 0.000000 27.600000 20.000000 20.000000 -20.200000
86 1579158112 0.000000 27.600000 20.000000 20.000000 -20.200000
86 1579158113 0.000000 27.600000 20.000000 20.000000 -20.200000
86 1579158114 0.000000 27.600000 20.000000 20.000000 -20.200000
86 1579158115 0.000000 27.600000 20.000000 20.000000 -20.200000
86 1579158116 0.000000 27.600000 20.000000 20.000000 -20.200000
86 1579158117 0.000000 27.600000 20.000000 20.000000 -20.200000
86 1579158118 0.000000 27.600000 20.000000 20.000000 -20.200000
86 1579158119 0.000000 27.600000 20.000000 20.000000 -20.200000
86 1579158120 0.000000 27.600000 20.000000 20.000000 -20.200000
86 1579158121 0.000000 27.600000 20.000000 20.000000 -20.200000
86 1579158122 0.000000 27.600000 20.000000 20.000000 -20.200000
86 1579158123 0.000000 27.600000 20.000000 20.000000 -20.200000
86 1579158124 0.000000 27.600000 20.000000 20.000000 -20.200000
86 1579158125 0.000000 27.600000 20.000000 20.000000 -20.200000
86 1579158126 0.000000 27.600000 20.000000 20.000000 -20.200000
86 1579158127 0.000000 27.600000 20.000000 20.000000 -20.200000
86 1579158128 0.000000 27.600000 20.000000 20.000000 -20.200000
86 1579158129 0.000000 27.600000 20.000000 20.000000 -20.200000
86 1579158130 0.000000 27.600000 20.000000 20.000000 -20.200000
86 1579158131 0.000000 27.600000 20.000000 20.000000 -20.200000
86 1579158132 0.000000 27.600000 20.000000 20.000000 -20.200000
86 1579158133 0.000000 27.600000 20.000000 20.000000 -20.200000
86 1579158134 0.000000 27.600000 20.000000 20.000000 -20.200000
86 1579158135 0.000000 27.600000 20.000000 20.000000 -20.200000
86 1579158136 0.000000 27.600000 20.000000 20.000000 -20.200000
86 1579158137 0.000000 27.600000 20.000000 20.000000 -20.200000
86 1579158138 0.000000 27.600000 20.000000 20.000000 -20.200000
86 1579158139 0.000000 27.600000 20.000000 20.000000 -20.200000
86 1579158140 0.000000 27.600000 20.000000 20.000000 -20.200000
86 1579158141 0.000000 27.600000 20.000000 20.000000 -20.200000
86 1579158142 0.000000 27.600000 20.000000 20.000000 -20.200000
86 1579158143 0.000000 27.600000 20.000000 20.000000 -20.200000
86 1579158144 0.000000 27.600000 20.000000 20.000000 -20.200000
86 1579158145 0.000000 27.600000 20.000000 20.000000 -20.200000
86 1579158146 0.000000 27.600000 20.000000 20.000000 -20.200000
86 1579158147 0.000000 27.600000 20.000000 20.000000 -20.200000
86 1579158148 0.000000 27.600000 20.000000 20.000000 -20.200000
86 1579158149 0.000000 27.600000 20.000000 20.000000 -20.200000
86 1579158150 0.000000 27.600000 20.000000 20.000000 -20.200000
