73 1579157349 5.200000 -1.000000 -101.000000 0.000000 0.000000
73 1579157350 5.200000 -1.000000 -101.000000 0.000000 0.000000
76 1579157349 2.200000 -1.000000 -101.000000 0.000000 0.000000
76 1579157350 2.200000 -1.000000 -101.000000 0.000000 0.000000
76 1579157351 2.200000 -1.000000 -101.000000 0.000000 0.000000
76 1579157352 2.200000 -1.000000 -101.000000 0.000000 0.000000
76 1579157353 2.200000 -1.000000 -101.000000 0.000000 0.000000
76 1579157354 0.600000 -1.000000 -101.000000 0.000000 0.000000
76 1579157355 0.600000 -1.000000 -101.000000 0.000000 0.000000
73 1579157351 5.200000 -1.000000 -101.000000 0.000000 0.000000
73 1579157352 5.200000 -1.000000 -101.000000 0.000000 0.000000
73 1579157353 5.200000 -1.000000 -101.000000 0.000000 0.000000
73 1579157354 0.200000 -1.000000 -101.000000 0.000000 0.000000
73 1579157355 0.200000 -1.000000 -101.000000 0.000000 0.000000
73 1579157356 0.200000 -1.000000 -101.000000 0.000000 0.000000
73 1579157357 0.200000 -1.000000 -101.000000 0.000000 0.000000
73 1579157358 0.200000 -1.000000 -101.000000 0.000000 0.000000
73 1579157364 5.200000 -1.000000 -101.000000 0.000000 0.000000
73 1579157365 5.200000 -1.000000 -101.000000 0.000000 0.000000
76 1579157356 0.600000 -1.000000 -101.000000 0.000000 0.000000
76 1579157357 0.600000 -1.000000 -101.000000 0.000000 0.000000
76 1579157358 0.600000 -1.000000 -101.000000 0.000000 0.000000
76 1579157364 2.200000 -1.000000 -101.000000 0.000000 0.000000
76 1579157365 2.200000 -1.000000 -101.000000 0.000000 0.000000
73 1579157366 5.200000 -1.000000 -101.000000 0.000000 0.000000
73 1579157367 5.200000 -1.000000 -101.000000 0.000000 0.000000
73 1579157368 5.200000 -1.000000 -101.000000 0.000000 0.000000
73 1579157369 0.200000 -1.000000 -101.000000 0.000000 0.000000
73 1579157370 0.200000 -1.000000 -101.000000 0.000000 0.000000
76 1579157366 2.200000 -1.000000 -101.000000 0.000000 0.000000
76 1579157367 2.200000 -1.000000 -101.000000 0.000000 0.000000
76 1579157368 2.200000 -1.000000 -101.000000 0.000000 0.000000
76 1579157369 0.400000 -1.000000 -101.000000 0.000000 0.000000
76 1579157370 0.400000 -1.000000 -101.000000 0.000000 0.000000
73 1579157371 0.200000 -1.000000 -101.000000 0.000000 0.000000
73 1579157372 0.200000 -1.000000 -101.000000 0.000000 0.000000
73 1579157373 0.200000 -1.000000 -101.000000 0.000000 0.000000
73 1579157379 5.400000 -1.000000 -101.000000 0.000000 0.000000
73 1579157380 5.400000 -1.000000 -101.000000 0.000000 0.000000
76 1579157371 0.400000 -1.000000 -101.000000 0.000000 0.000000
76 1579157372 0.400000 -1.000000 -101.000000 0.000000 0.000000
76 1579157373 0.400000 -1.000000 -101.000000 0.000000 0.000000
76 1579157379 2.400000 -1.000000 -101.000000 0.000000 0.000000
76 1579157380 2.400000 -1.000000 -101.000000 0.000000 0.000000
76 1579157381 2.400000 -1.000000 -101.000000 0.000000 0.000000
76 1579157382 2.400000 -1.000000 -101.000000 0.000000 0.000000
76 1579157383 2.400000 -1.000000 -101.000000 0.000000 0.000000
76 1579157384 0.400000 -1.000000 -101.000000 0.000000 0.000000
76 1579157385 0.400000 -1.000000 -101.000000 0.000000 0.000000
73 1579157381 5.400000 -1.000000 -101.000000 0.000000 0.000000
73 1579157382 5.400000 -1.000000 -101.000000 0.000000 0.000000
73 1579157383 5.400000 -1.000000 -101.000000 0.000000 0.000000
73 1579157384 0.200000 -1.000000 -101.000000 0.000000 0.000000
73 1579157385 0.200000 -1.000000 -101.000000 0.000000 0.000000
73 1579157386 0.200000 -1.000000 -101.000000 0.000000 0.000000
73 1579157387 0.200000 -1.000000 -101.000000 0.000000 0.000000
73 1579157388 0.200000 -1.000000 -101.000000 0.000000 0.000000
73 1579157394 5.200000 -1.000000 -101.000000 0.000000 0.000000
73 1579157395 5.200000 -1.000000 -101.000000 0.000000 0.000000
76 1579157386 0.400000 -1.000000 -101.000000 0.000000 0.000000
76 1579157387 0.400000 -1.000000 -101.000000 0.000000 0.000000
76 1579157388 0.400000 -1.000000 -101.000000 0.000000 0.000000
76 1579157394 2.200000 -1.000000 -101.000000 0.000000 0.000000
76 1579157395 2.200000 -1.000000 -101.000000 0.000000 0.000000
73 1579157396 5.200000 -1.000000 -101.000000 0.000000 0.000000
73 1579157397 5.200000 -1.000000 -101.000000 0.000000 0.000000
73 1579157398 5.200000 -1.000000 -101.000000 0.000000 0.000000
73 1579157399 0.200000 -1.000000 -101.000000 0.000000 0.000000
73 1579157400 0.200000 -1.000000 -101.000000 0.000000 0.000000
76 1579157396 2.200000 -1.000000 -101.000000 0.000000 0.000000
76 1579157397 2.200000 -1.000000 -101.000000 0.000000 0.000000
76 1579157398 2.200000 -1.000000 -101.000000 0.000000 0.000000
76 1579157399 0.400000 -1.000000 -101.000000 0.000000 0.000000
76 1579157400 0.400000 -1.000000 -101.000000 0.000000 0.000000
73 1579157401 0.200000 -1.000000 -101.000000 0.000000 0.000000
73 1579157402 0.200000 -1.000000 -101.000000 0.000000 0.000000
73 1579157403 0.200000 -1.000000 -101.000000 0.000000 0.000000
76 1579157401 0.400000 -1.000000 -101.000000 0.000000 0.000000
76 1579157402 0.400000 -1.000000 -101.000000 0.000000 0.000000
76 1579157403 0.400000 -1.000000 -101.000000 0.000000 0.000000
73 1579157409 5.600000 -1.000000 -101.000000 0.000000 0.000000
73 1579157410 5.600000 -1.000000 -101.000000 0.000000 0.000000
76 1579157409 2.400000 -1.000000 -101.000000 0.000000 0.000000
76 1579157410 2.400000 -1.000000 -101.000000 0.000000 0.000000
73 1579157411 5.600000 -1.000000 -101.000000 0.000000 0.000000
73 1579157412 5.600000 -1.000000 -101.000000 0.000000 0.000000
73 1579157413 5.600000 -1.000000 -101.000000 0.000000 0.000000
76 1579157411 2.400000 -1.000000 -101.000000 0.000000 0.000000
76 1579157412 2.400000 -1.000000 -101.000000 0.000000 0.000000
76 1579157413 2.400000 -1.000000 -101.000000 0.000000 0.000000
76 1579157414 0.400000 -1.000000 -101.000000 0.000000 0.000000
76 1579157415 0.400000 -1.000000 -101.000000 0.000000 0.000000
73 1579157424 5.400000 -1.000000 -101.000000 0.000000 0.000000
73 1579157425 5.400000 -1.000000 -101.000000 0.000000 0.000000
76 1579157416 0.400000 -1.000000 -101.000000 0.000000 0.000000
76 1579157417 0.400000 -1.000000 -101.000000 0.000000 0.000000
76 1579157418 0.400000 -1.000000 -101.000000 0.000000 0.000000
76 1579157424 2.400000 -1.000000 -101.000000 0.000000 0.000000
76 1579157425 2.400000 -1.000000 -101.000000 0.000000 0.000000
73 1579157426 5.400000 -1.000000 -101.000000 0.000000 0.000000
73 1579157427 5.400000 -1.000000 -101.000000 0.000000 0.000000
73 1579157428 5.400000 -1.000000 -101.000000 0.000000 0.000000
73 1579157429 0.200000 -1.000000 -101.000000 0.000000 0.000000
73 1579157430 0.200000 -1.000000 -101.000000 0.000000 0.000000
76 1579157426 2.400000 -1.000000 -101.000000 0.000000 0.000000
76 1579157427 2.400000 -1.000000 -101.000000 0.000000 0.000000
76 1579157428 2.400000 -1.000000 -101.000000 0.000000 0.000000
76 1579157429 0.400000 -1.000000 -101.000000 0.000000 0.000000
76 1579157430 0.400000 -1.000000 -101.000000 0.000000 0.000000
73 1579157431 0.200000 -1.000000 -101.000000 0.000000 0.000000
73 1579157432 0.200000 -1.000000 -101.000000 0.000000 0.000000
73 1579157433 0.200000 -1.000000 -101.000000 0.000000 0.000000
73 1579157439 5.600000 -1.000000 -101.000000 0.000000 0.000000
73 1579157440 5.600000 -1.000000 -101.000000 0.000000 0.000000
76 1579157431 0.400000 -1.000000 -101.000000 0.000000 0.000000
76 1579157432 0.400000 -1.000000 -101.000000 0.000000 0.000000
76 1579157433 0.400000 -1.000000 -101.000000 0.000000 0.000000
76 1579157439 2.400000 -1.000000 -101.000000 0.000000 0.000000
76 1579157440 2.400000 -1.000000 -101.000000 0.000000 0.000000
73 1579157441 5.600000 -1.000000 -101.000000 0.000000 0.000000
73 1579157442 5.600000 -1.000000 -101.000000 0.000000 0.000000
73 1579157443 5.600000 -1.000000 -101.000000 0.000000 0.000000
76 1579157441 2.400000 -1.000000 -101.000000 0.000000 0.000000
76 1579157442 2.400000 -1.000000 -101.000000 0.000000 0.000000
76 1579157443 2.400000 -1.000000 -101.000000 0.000000 0.000000
76 1579157444 0.400000 -1.000000 -101.000000 0.000000 0.000000
76 1579157445 0.400000 -1.000000 -101.000000 0.000000 0.000000
73 1579157454 5.000000 -1.000000 -101.000000 0.000000 0.000000
73 1579157455 5.000000 -1.000000 -101.000000 0.000000 0.000000
73 1579157456 5.000000 -1.000000 -101.000000 0.000000 0.000000
73 1579157457 5.000000 -1.000000 -101.000000 0.000000 0.000000
73 1579157458 5.000000 -1.000000 -101.000000 0.000000 0.000000
73 1579157459 0.600000 -1.000000 -101.000000 0.000000 0.000000
73 1579157460 0.600000 -1.000000 -101.000000 0.000000 0.000000
76 1579157446 0.400000 -1.000000 -101.000000 0.000000 0.000000
76 1579157447 0.400000 -1.000000 -101.000000 0.000000 0.000000
76 1579157448 0.400000 -1.000000 -101.000000 0.000000 0.000000
76 1579157454 2.000000 -1.000000 -101.000000 0.000000 0.000000
76 1579157455 2.000000 -1.000000 -101.000000 0.000000 0.000000
76 1579157456 2.000000 -1.000000 -101.000000 0.000000 0.000000
76 1579157457 2.000000 -1.000000 -101.000000 0.000000 0.000000
76 1579157458 2.000000 -1.000000 -101.000000 0.000000 0.000000
76 1579157459 0.800000 -1.000000 -101.000000 0.000000 0.000000
76 1579157460 0.800000 -1.000000 -101.000000 0.000000 0.000000
73 1579157461 0.600000 -1.000000 -101.000000 0.000000 0.000000
73 1579157462 0.600000 -1.000000 -101.000000 0.000000 0.000000
73 1579157463 0.600000 -1.000000 -101.000000 0.000000 0.000000
73 1579157464 0.400000 -1.000000 -101.000000 0.000000 0.000000
73 1579157465 0.400000 -1.000000 -101.000000 0.000000 0.000000
73 1579157466 0.400000 -1.000000 -101.000000 0.000000 0.000000
73 1579157467 0.400000 -1.000000 -101.000000 0.000000 0.000000
73 1579157468 0.400000 -1.000000 -101.000000 0.000000 0.000000
73 1579157469 4.800000 -1.000000 -101.000000 0.000000 0.000000
73 1579157470 4.800000 -1.000000 -101.000000 0.000000 0.000000
73 1579157471 4.800000 -1.000000 -101.000000 0.000000 0.000000
73 1579157472 4.800000 -1.000000 -101.000000 0.000000 0.000000
73 1579157473 4.800000 -1.000000 -101.000000 0.000000 0.000000
73 1579157474 1.000000 -1.000000 -101.000000 0.000000 0.000000
73 1579157475 1.000000 -1.000000 -101.000000 0.000000 0.000000
76 1579157461 0.800000 -1.000000 -101.000000 0.000000 0.000000
76 1579157462 0.800000 -1.000000 -101.000000 0.000000 0.000000
76 1579157463 0.800000 -1.000000 -101.000000 0.000000 0.000000
76 1579157464 2.600000 -1.000000 -101.000000 0.000000 0.000000
76 1579157465 2.600000 -1.000000 -101.000000 0.000000 0.000000
76 1579157466 2.600000 -1.000000 -101.000000 0.000000 0.000000
76 1579157467 2.600000 -1.000000 -101.000000 0.000000 0.000000
76 1579157468 2.600000 -1.000000 -101.000000 0.000000 0.000000
76 1579157469 1.800000 -1.000000 -101.000000 0.000000 0.000000
76 1579157470 1.800000 -1.000000 -101.000000 0.000000 0.000000
76 1579157471 1.800000 -1.000000 -101.000000 0.000000 0.000000
76 1579157472 1.800000 -1.000000 -101.000000 0.000000 0.000000
76 1579157473 1.800000 -1.000000 -101.000000 0.000000 0.000000
76 1579157474 3.400000 -1.000000 -101.000000 0.000000 0.000000
76 1579157475 3.400000 -1.000000 -101.000000 0.000000 0.000000
73 1579157476 1.000000 -1.000000 -101.000000 0.000000 0.000000
73 1579157477 1.000000 -1.000000 -101.000000 0.000000 0.000000
73 1579157478 1.000000 -1.000000 -101.000000 0.000000 0.000000
73 1579157484 5.400000 -1.000000 -101.000000 0.000000 0.000000
73 1579157485 5.400000 -1.000000 -101.000000 0.000000 0.000000
73 1579157486 5.400000 -1.000000 -101.000000 0.000000 0.000000
73 1579157487 5.400000 -1.000000 -101.000000 0.000000 0.000000
73 1579157488 5.400000 -1.000000 -101.000000 0.000000 0.000000
73 1579157489 0.600000 -1.000000 -101.000000 0.000000 0.000000
73 1579157490 0.600000 -1.000000 -101.000000 0.000000 0.000000
76 1579157476 3.400000 -1.000000 -101.000000 0.000000 0.000000
76 1579157477 3.400000 -1.000000 -101.000000 0.000000 0.000000
76 1579157478 3.400000 -1.000000 -101.000000 0.000000 0.000000
76 1579157484 2.400000 -1.000000 -101.000000 0.000000 0.000000
76 1579157485 2.400000 -1.000000 -101.000000 0.000000 0.000000
76 1579157486 2.400000 -1.000000 -101.000000 0.000000 0.000000
76 1579157487 2.400000 -1.000000 -101.000000 0.000000 0.000000
76 1579157488 2.400000 -1.000000 -101.000000 0.000000 0.000000
76 1579157489 3.200000 -1.000000 -101.000000 0.000000 0.000000
76 1579157490 3.200000 -1.000000 -101.000000 0.000000 0.000000
73 1579157491 0.600000 -1.000000 -101.000000 0.000000 0.000000
73 1579157492 0.600000 -1.000000 -101.000000 0.000000 0.000000
73 1579157493 0.600000 -1.000000 -101.000000 0.000000 0.000000
73 1579157494 0.200000 -1.000000 -101.000000 0.000000 0.000000
73 1579157495 0.200000 -1.000000 -101.000000 0.000000 0.000000
73 1579157496 0.200000 -1.000000 -101.000000 0.000000 0.000000
73 1579157497 0.200000 -1.000000 -101.000000 0.000000 0.000000
73 1579157498 0.200000 -1.000000 -101.000000 0.000000 0.000000
73 1579157499 5.400000 -1.000000 -101.000000 0.000000 0.000000
73 1579157500 5.400000 -1.000000 -101.000000 0.000000 0.000000
73 1579157501 5.400000 -1.000000 -101.000000 0.000000 0.000000
73 1579157502 5.400000 -1.000000 -101.000000 0.000000 0.000000
73 1579157503 5.400000 -1.000000 -101.000000 0.000000 0.000000
73 1579157504 0.800000 -1.000000 -101.000000 0.000000 0.000000
73 1579157505 0.800000 -1.000000 -101.000000 0.000000 0.000000
76 1579157491 3.200000 -1.000000 -101.000000 0.000000 0.000000
76 1579157492 3.200000 -1.000000 -101.000000 0.000000 0.000000
76 1579157493 3.200000 -1.000000 -101.000000 0.000000 0.000000
76 1579157499 2.400000 -1.000000 -101.000000 0.000000 0.000000
76 1579157500 2.400000 -1.000000 -101.000000 0.000000 0.000000
76 1579157501 2.400000 -1.000000 -101.000000 0.000000 0.000000
76 1579157502 2.400000 -1.000000 -101.000000 0.000000 0.000000
76 1579157503 2.400000 -1.000000 -101.000000 0.000000 0.000000
76 1579157504 3.200000 -1.000000 -101.000000 0.000000 0.000000
76 1579157505 3.200000 -1.000000 -101.000000 0.000000 0.000000
73 1579157506 0.800000 -1.000000 -101.000000 0.000000 0.000000
73 1579157507 0.800000 -1.000000 -101.000000 0.000000 0.000000
73 1579157508 0.800000 -1.000000 -101.000000 0.000000 0.000000
76 1579157506 3.200000 -1.000000 -101.000000 0.000000 0.000000
76 1579157507 3.200000 -1.000000 -101.000000 0.000000 0.000000
76 1579157508 3.200000 -1.000000 -101.000000 0.000000 0.000000
73 1579157519 0.400000 -1.000000 -101.000000 0.000000 0.000000
73 1579157520 0.400000 -1.000000 -101.000000 0.000000 0.000000
76 1579157519 2.800000 -1.000000 -101.000000 0.000000 0.000000
76 1579157520 2.800000 -1.000000 -101.000000 0.000000 0.000000
73 1579157521 0.400000 -1.000000 -101.000000 0.000000 0.000000
73 1579157522 0.400000 -1.000000 -101.000000 0.000000 0.000000
73 1579157523 0.400000 -1.000000 -101.000000 0.000000 0.000000
73 1579157524 0.200000 -1.000000 -101.000000 0.000000 0.000000
73 1579157525 0.200000 -1.000000 -101.000000 0.000000 0.000000
76 1579157521 2.800000 -1.000000 -101.000000 0.000000 0.000000
76 1579157522 2.800000 -1.000000 -101.000000 0.000000 0.000000
76 1579157523 2.800000 -1.000000 -101.000000 0.000000 0.000000
73 1579157526 0.200000 -1.000000 -101.000000 0.000000 0.000000
73 1579157527 0.200000 -1.000000 -101.000000 0.000000 0.000000
73 1579157528 0.200000 -1.000000 -101.000000 0.000000 0.000000
73 1579157534 0.600000 -1.000000 -101.000000 0.000000 0.000000
73 1579157535 0.600000 -1.000000 -101.000000 0.000000 0.000000
76 1579157534 2.600000 -1.000000 -101.000000 0.000000 0.000000
76 1579157535 2.600000 -1.000000 -101.000000 0.000000 0.000000
73 1579157536 0.600000 -1.000000 -101.000000 0.000000 0.000000
73 1579157537 0.600000 -1.000000 -101.000000 0.000000 0.000000
73 1579157538 0.600000 -1.000000 -101.000000 0.000000 0.000000
76 1579157536 2.600000 -1.000000 -101.000000 0.000000 0.000000
76 1579157537 2.600000 -1.000000 -101.000000 0.000000 0.000000
76 1579157538 2.600000 -1.000000 -101.000000 0.000000 0.000000
73 1579157549 0.600000 -1.000000 -101.000000 0.000000 0.000000
73 1579157550 0.600000 -1.000000 -101.000000 0.000000 0.000000
76 1579157549 2.800000 -1.000000 -101.000000 0.000000 0.000000
76 1579157550 2.800000 -1.000000 -101.000000 0.000000 0.000000
73 1579157551 0.600000 -1.000000 -101.000000 0.000000 0.000000
73 1579157552 0.600000 -1.000000 -101.000000 0.000000 0.000000
73 1579157553 0.600000 -1.000000 -101.000000 0.000000 0.000000
76 1579157551 2.800000 -1.000000 -101.000000 0.000000 0.000000
76 1579157552 2.800000 -1.000000 -101.000000 0.000000 0.000000
76 1579157553 2.800000 -1.000000 -101.000000 0.000000 0.000000
73 1579157564 0.800000 -1.000000 -101.000000 0.000000 0.000000
73 1579157565 0.800000 -1.000000 -101.000000 0.000000 0.000000
76 1579157564 3.200000 -1.000000 -101.000000 0.000000 0.000000
76 1579157565 3.200000 -1.000000 -101.000000 0.000000 0.000000
73 1579157566 0.800000 -1.000000 -101.000000 0.000000 0.000000
73 1579157567 0.800000 -1.000000 -101.000000 0.000000 0.000000
73 1579157568 0.800000 -1.000000 -101.000000 0.000000 0.000000
73 1579157569 0.200000 -1.000000 -101.000000 0.000000 0.000000
73 1579157570 0.200000 -1.000000 -101.000000 0.000000 0.000000
76 1579157566 3.200000 -1.000000 -101.000000 0.000000 0.000000
76 1579157567 3.200000 -1.000000 -101.000000 0.000000 0.000000
76 1579157568 3.200000 -1.000000 -101.000000 0.000000 0.000000
76 1579157569 0.200000 -1.000000 -101.000000 0.000000 0.000000
76 1579157570 0.200000 -1.000000 -101.000000 0.000000 0.000000
73 1579157571 0.200000 -1.000000 -101.000000 0.000000 0.000000
73 1579157572 0.200000 -1.000000 -101.000000 0.000000 0.000000
73 1579157573 0.200000 -1.000000 -101.000000 0.000000 0.000000
73 1579157574 0.200000 -1.000000 -101.000000 0.000000 0.000000
73 1579157575 0.200000 -1.000000 -101.000000 0.000000 0.000000
76 1579157571 0.200000 -1.000000 -101.000000 0.000000 0.000000
76 1579157572 0.200000 -1.000000 -101.000000 0.000000 0.000000
76 1579157573 0.200000 -1.000000 -101.000000 0.000000 0.000000
76 1579157574 0.400000 -1.000000 -101.000000 0.000000 0.000000
76 1579157575 0.400000 -1.000000 -101.000000 0.000000 0.000000
73 1579157576 0.200000 -1.000000 -101.000000 0.000000 0.000000
73 1579157577 0.200000 -1.000000 -101.000000 0.000000 0.000000
73 1579157578 0.200000 -1.000000 -101.000000 0.000000 0.000000
73 1579157579 0.600000 -1.000000 -101.000000 0.000000 0.000000
73 1579157580 0.600000 -1.000000 -101.000000 0.000000 0.000000
76 1579157576 0.400000 -1.000000 -101.000000 0.000000 0.000000
76 1579157577 0.400000 -1.000000 -101.000000 0.000000 0.000000
76 1579157578 0.400000 -1.000000 -101.000000 0.000000 0.000000
76 1579157579 3.200000 -1.000000 -101.000000 0.000000 0.000000
76 1579157580 3.200000 -1.000000 -101.000000 0.000000 0.000000
73 1579157581 0.600000 -1.000000 -101.000000 0.000000 0.000000
73 1579157582 0.600000 -1.000000 -101.000000 0.000000 0.000000
73 1579157583 0.600000 -1.000000 -101.000000 0.000000 0.000000
73 1579157584 0.200000 -1.000000 -101.000000 0.000000 0.000000
73 1579157585 0.200000 -1.000000 -101.000000 0.000000 0.000000
76 1579157581 3.200000 -1.000000 -101.000000 0.000000 0.000000
76 1579157582 3.200000 -1.000000 -101.000000 0.000000 0.000000
76 1579157583 3.200000 -1.000000 -101.000000 0.000000 0.000000
73 1579157586 0.200000 -1.000000 -101.000000 0.000000 0.000000
73 1579157587 0.200000 -1.000000 -101.000000 0.000000 0.000000
73 1579157588 0.200000 -1.000000 -101.000000 0.000000 0.000000
73 1579157589 0.400000 -1.000000 -101.000000 0.000000 0.000000
73 1579157590 0.400000 -1.000000 -101.000000 0.000000 0.000000
76 1579157589 0.600000 -1.000000 -101.000000 0.000000 0.000000
76 1579157590 0.600000 -1.000000 -101.000000 0.000000 0.000000
73 1579157591 0.400000 -1.000000 -101.000000 0.000000 0.000000
73 1579157592 0.400000 -1.000000 -101.000000 0.000000 0.000000
73 1579157593 0.400000 -1.000000 -101.000000 0.000000 0.000000
73 1579157594 0.600000 -1.000000 -101.000000 0.000000 0.000000
73 1579157595 0.600000 -1.000000 -101.000000 0.000000 0.000000
76 1579157591 0.600000 -1.000000 -101.000000 0.000000 0.000000
76 1579157592 0.600000 -1.000000 -101.000000 0.000000 0.000000
76 1579157593 0.600000 -1.000000 -101.000000 0.000000 0.000000
76 1579157594 2.800000 -1.000000 -101.000000 0.000000 0.000000
76 1579157595 2.800000 -1.000000 -101.000000 0.000000 0.000000
73 1579157596 0.600000 -1.000000 -101.000000 0.000000 0.000000
73 1579157597 0.600000 -1.000000 -101.000000 0.000000 0.000000
73 1579157598 0.600000 -1.000000 -101.000000 0.000000 0.000000
73 1579157599 0.400000 -1.000000 -101.000000 0.000000 0.000000
73 1579157600 0.400000 -1.000000 -101.000000 0.000000 0.000000
76 1579157596 2.800000 -1.000000 -101.000000 0.000000 0.000000
76 1579157597 2.800000 -1.000000 -101.000000 0.000000 0.000000
76 1579157598 2.800000 -1.000000 -101.000000 0.000000 0.000000
76 1579157599 0.400000 -1.000000 -101.000000 0.000000 0.000000
76 1579157600 0.400000 -1.000000 -101.000000 0.000000 0.000000
73 1579157601 0.400000 -1.000000 -101.000000 0.000000 0.000000
73 1579157602 0.400000 -1.000000 -101.000000 0.000000 0.000000
73 1579157603 0.400000 -1.000000 -101.000000 0.000000 0.000000
73 1579157604 5.600000 -1.000000 -101.000000 0.000000 0.000000
73 1579157605 5.600000 -1.000000 -101.000000 0.000000 0.000000
76 1579157601 0.400000 -1.000000 -101.000000 0.000000 0.000000
76 1579157602 0.400000 -1.000000 -101.000000 0.000000 0.000000
76 1579157603 0.400000 -1.000000 -101.000000 0.000000 0.000000
76 1579157604 3.000000 -1.000000 -101.000000 0.000000 0.000000
76 1579157605 3.000000 -1.000000 -101.000000 0.000000 0.000000
73 1579157606 5.600000 -1.000000 -101.000000 0.000000 0.000000
73 1579157607 5.600000 -1.000000 -101.000000 0.000000 0.000000
73 1579157608 5.600000 -1.000000 -101.000000 0.000000 0.000000
73 1579157609 1.000000 -1.000000 -101.000000 0.000000 0.000000
73 1579157610 1.000000 -1.000000 -101.000000 0.000000 0.000000
76 1579157606 3.000000 -1.000000 -101.000000 0.000000 0.000000
76 1579157607 3.000000 -1.000000 -101.000000 0.000000 0.000000
76 1579157608 3.000000 -1.000000 -101.000000 0.000000 0.000000
76 1579157609 3.800000 -1.000000 -101.000000 0.000000 0.000000
76 1579157610 3.800000 -1.000000 -101.000000 0.000000 0.000000
73 1579157611 1.000000 -1.000000 -101.000000 0.000000 0.000000
73 1579157612 1.000000 -1.000000 -101.000000 0.000000 0.000000
73 1579157613 1.000000 -1.000000 -101.000000 0.000000 0.000000
73 1579157614 5.800000 -1.000000 -101.000000 0.000000 0.000000
73 1579157615 5.800000 -1.000000 -101.000000 0.000000 0.000000
76 1579157611 3.800000 -1.000000 -101.000000 0.000000 0.000000
76 1579157612 3.800000 -1.000000 -101.000000 0.000000 0.000000
76 1579157613 3.800000 -1.000000 -101.000000 0.000000 0.000000
76 1579157614 2.600000 -1.000000 -101.000000 0.000000 0.000000
76 1579157615 2.600000 -1.000000 -101.000000 0.000000 0.000000
73 1579157616 5.800000 -1.000000 -101.000000 0.000000 0.000000
73 1579157617 5.800000 -1.000000 -101.000000 0.000000 0.000000
73 1579157618 5.800000 -1.000000 -101.000000 0.000000 0.000000
73 1579157619 0.400000 -1.000000 -101.000000 0.000000 0.000000
73 1579157620 0.400000 -1.000000 -101.000000 0.000000 0.000000
76 1579157616 2.600000 -1.000000 -101.000000 0.000000 0.000000
76 1579157617 2.600000 -1.000000 -101.000000 0.000000 0.000000
76 1579157618 2.600000 -1.000000 -101.000000 0.000000 0.000000
76 1579157619 1.200000 -1.000000 -101.000000 0.000000 0.000000
76 1579157620 1.200000 -1.000000 -101.000000 0.000000 0.000000
73 1579157621 0.400000 -1.000000 -101.000000 0.000000 0.000000
73 1579157622 0.400000 -1.000000 -101.000000 0.000000 0.000000
73 1579157623 0.400000 -1.000000 -101.000000 0.000000 0.000000
73 1579157624 0.600000 -1.000000 -101.000000 0.000000 0.000000
73 1579157625 0.600000 -1.000000 -101.000000 0.000000 0.000000
76 1579157621 1.200000 -1.000000 -101.000000 0.000000 0.000000
76 1579157622 1.200000 -1.000000 -101.000000 0.000000 0.000000
76 1579157623 1.200000 -1.000000 -101.000000 0.000000 0.000000
76 1579157624 0.400000 -1.000000 -101.000000 0.000000 0.000000
76 1579157625 0.400000 -1.000000 -101.000000 0.000000 0.000000
73 1579157626 0.600000 -1.000000 -101.000000 0.000000 0.000000
73 1579157627 0.600000 -1.000000 -101.000000 0.000000 0.000000
73 1579157628 0.600000 -1.000000 -101.000000 0.000000 0.000000
73 1579157629 5.400000 -1.000000 -101.000000 0.000000 0.000000
73 1579157630 5.400000 -1.000000 -101.000000 0.000000 0.000000
76 1579157626 0.400000 -1.000000 -101.000000 0.000000 0.000000
76 1579157627 0.400000 -1.000000 -101.000000 0.000000 0.000000
76 1579157628 0.400000 -1.000000 -101.000000 0.000000 0.000000
76 1579157629 2.600000 -1.000000 -101.000000 0.000000 0.000000
76 1579157630 2.600000 -1.000000 -101.000000 0.000000 0.000000
76 1579157631 2.600000 -1.000000 -101.000000 0.000000 0.000000
76 1579157632 2.600000 -1.000000 -101.000000 0.000000 0.000000
76 1579157633 2.600000 -1.000000 -101.000000 0.000000 0.000000
76 1579157634 1.200000 -1.000000 -101.000000 0.000000 0.000000
76 1579157635 1.200000 -1.000000 -101.000000 0.000000 0.000000
76 1579157636 1.200000 -1.000000 -101.000000 0.000000 0.000000
76 1579157637 1.200000 -1.000000 -101.000000 0.000000 0.000000
76 1579157638 1.200000 -1.000000 -101.000000 0.000000 0.000000
76 1579157639 0.400000 -1.000000 -101.000000 0.000000 0.000000
76 1579157640 0.400000 -1.000000 -101.000000 0.000000 0.000000
76 1579157641 0.400000 -1.000000 -101.000000 0.000000 0.000000
76 1579157642 0.400000 -1.000000 -101.000000 0.000000 0.000000
76 1579157643 0.400000 -1.000000 -101.000000 0.000000 0.000000
76 1579157644 2.600000 -1.000000 -101.000000 0.000000 0.000000
76 1579157645 2.600000 -1.000000 -101.000000 0.000000 0.000000
76 1579157646 2.600000 -1.000000 -101.000000 0.000000 0.000000
76 1579157647 2.600000 -1.000000 -101.000000 0.000000 0.000000
76 1579157648 2.600000 -1.000000 -101.000000 0.000000 0.000000
76 1579157649 1.200000 -1.000000 -101.000000 0.000000 0.000000
76 1579157650 1.200000 -1.000000 -101.000000 0.000000 0.000000
76 1579157651 1.200000 -1.000000 -101.000000 0.000000 0.000000
76 1579157652 1.200000 -1.000000 -101.000000 0.000000 0.000000
76 1579157653 1.200000 -1.000000 -101.000000 0.000000 0.000000
76 1579157654 0.400000 -1.000000 -101.000000 0.000000 0.000000
76 1579157655 0.400000 -1.000000 -101.000000 0.000000 0.000000
76 1579157656 0.400000 -1.000000 -101.000000 0.000000 0.000000
76 1579157657 0.400000 -1.000000 -101.000000 0.000000 0.000000
76 1579157658 0.400000 -1.000000 -101.000000 0.000000 0.000000
76 1579157659 2.600000 -1.000000 -101.000000 0.000000 0.000000
76 1579157660 2.600000 -1.000000 -101.000000 0.000000 0.000000
76 1579157661 2.600000 -1.000000 -101.000000 0.000000 0.000000
76 1579157662 2.600000 -1.000000 -101.000000 0.000000 0.000000
76 1579157663 2.600000 -1.000000 -101.000000 0.000000 0.000000
76 1579157664 1.200000 -1.000000 -101.000000 0.000000 0.000000
76 1579157665 1.200000 -1.000000 -101.000000 0.000000 0.000000
76 1579157666 1.200000 -1.000000 -101.000000 0.000000 0.000000
76 1579157667 1.200000 -1.000000 -101.000000 0.000000 0.000000
76 1579157668 1.200000 -1.000000 -101.000000 0.000000 0.000000
76 1579157669 0.400000 -1.000000 -101.000000 0.000000 0.000000
76 1579157670 0.400000 -1.000000 -101.000000 0.000000 0.000000
76 1579157671 0.400000 -1.000000 -101.000000 0.000000 0.000000
76 1579157672 0.400000 -1.000000 -101.000000 0.000000 0.000000
76 1579157673 0.400000 -1.000000 -101.000000 0.000000 0.000000
76 1579157674 2.800000 -1.000000 -101.000000 0.000000 0.000000
76 1579157675 2.800000 -1.000000 -101.000000 0.000000 0.000000
76 1579157676 2.800000 -1.000000 -101.000000 0.000000 0.000000
76 1579157677 2.800000 -1.000000 -101.000000 0.000000 0.000000
76 1579157678 2.800000 -1.000000 -101.000000 0.000000 0.000000
76 1579157679 1.000000 -1.000000 -101.000000 0.000000 0.000000
76 1579157680 1.000000 -1.000000 -101.000000 0.000000 0.000000
76 1579157681 1.000000 -1.000000 -101.000000 0.000000 0.000000
76 1579157682 1.000000 -1.000000 -101.000000 0.000000 0.000000
76 1579157683 1.000000 -1.000000 -101.000000 0.000000 0.000000
76 1579157684 0.200000 -1.000000 -101.000000 0.000000 0.000000
76 1579157685 0.200000 -1.000000 -101.000000 0.000000 0.000000
76 1579157686 0.200000 -1.000000 -101.000000 0.000000 0.000000
76 1579157687 0.200000 -1.000000 -101.000000 0.000000 0.000000
76 1579157688 0.200000 -1.000000 -101.000000 0.000000 0.000000
76 1579157689 3.200000 -1.000000 -101.000000 0.000000 0.000000
76 1579157690 3.200000 -1.000000 -101.000000 0.000000 0.000000
76 1579157691 3.200000 -1.000000 -101.000000 0.000000 0.000000
76 1579157692 3.200000 -1.000000 -101.000000 0.000000 0.000000
76 1579157693 3.200000 -1.000000 -101.000000 0.000000 0.000000
76 1579157699 0.400000 -1.000000 -101.000000 0.000000 0.000000
76 1579157700 0.400000 -1.000000 -101.000000 0.000000 0.000000
76 1579157701 0.400000 -1.000000 -101.000000 0.000000 0.000000
76 1579157702 0.400000 -1.000000 -101.000000 0.000000 0.000000
76 1579157703 0.400000 -1.000000 -101.000000 0.000000 0.000000
76 1579157704 0.600000 -1.000000 -101.000000 0.000000 0.000000
76 1579157705 0.600000 -1.000000 -101.000000 0.000000 0.000000
76 1579157706 0.600000 -1.000000 -101.000000 0.000000 0.000000
76 1579157707 0.600000 -1.000000 -101.000000 0.000000 0.000000
76 1579157708 0.600000 -1.000000 -101.000000 0.000000 0.000000
76 1579157714 2.400000 -1.000000 -101.000000 0.000000 0.000000
76 1579157715 2.400000 -1.000000 -101.000000 0.000000 0.000000
76 1579157716 2.400000 -1.000000 -101.000000 0.000000 0.000000
76 1579157717 2.400000 -1.000000 -101.000000 0.000000 0.000000
76 1579157718 2.400000 -1.000000 -101.000000 0.000000 0.000000
76 1579157724 3.000000 -1.000000 -101.000000 0.000000 0.000000
76 1579157725 3.000000 -1.000000 -101.000000 0.000000 0.000000
76 1579157726 3.000000 -1.000000 -101.000000 0.000000 0.000000
76 1579157727 3.000000 -1.000000 -101.000000 0.000000 0.000000
76 1579157728 3.000000 -1.000000 -101.000000 0.000000 0.000000
76 1579157729 2.800000 -1.000000 -101.000000 0.000000 0.000000
76 1579157730 2.800000 -1.000000 -101.000000 0.000000 0.000000
76 1579157731 2.800000 -1.000000 -101.000000 0.000000 0.000000
76 1579157732 2.800000 -1.000000 -101.000000 0.000000 0.000000
76 1579157733 2.800000 -1.000000 -101.000000 0.000000 0.000000
76 1579157744 2.400000 -1.000000 -101.000000 0.000000 0.000000
76 1579157745 2.400000 -1.000000 -101.000000 0.000000 0.000000
76 1579157746 2.400000 -1.000000 -101.000000 0.000000 0.000000
76 1579157747 2.400000 -1.000000 -101.000000 0.000000 0.000000
76 1579157748 2.400000 -1.000000 -101.000000 0.000000 0.000000
76 1579157759 2.400000 -1.000000 -101.000000 0.000000 0.000000
76 1579157760 2.400000 -1.000000 -101.000000 0.000000 0.000000
76 1579157761 2.400000 -1.000000 -101.000000 0.000000 0.000000
76 1579157762 2.400000 -1.000000 -101.000000 0.000000 0.000000
76 1579157763 2.400000 -1.000000 -101.000000 0.000000 0.000000
76 1579157769 2.400000 -1.000000 -101.000000 0.000000 0.000000
76 1579157770 2.400000 -1.000000 -101.000000 0.000000 0.000000
76 1579157771 2.400000 -1.000000 -101.000000 0.000000 0.000000
76 1579157772 2.400000 -1.000000 -101.000000 0.000000 0.000000
76 1579157773 2.400000 -1.000000 -101.000000 0.000000 0.000000
76 1579157789 2.400000 -1.000000 -101.000000 0.000000 0.000000
76 1579157790 2.400000 -1.000000 -101.000000 0.000000 0.000000
76 1579157791 2.400000 -1.000000 -101.000000 0.000000 0.000000
76 1579157792 2.400000 -1.000000 -101.000000 0.000000 0.000000
76 1579157793 2.400000 -1.000000 -101.000000 0.000000 0.000000
76 1579157809 0.800000 -1.000000 -101.000000 0.000000 0.000000
76 1579157810 0.800000 -1.000000 -101.000000 0.000000 0.000000
76 1579157811 0.800000 -1.000000 -101.000000 0.000000 0.000000
76 1579157812 0.800000 -1.000000 -101.000000 0.000000 0.000000
76 1579157813 0.800000 -1.000000 -101.000000 0.000000 0.000000
76 1579157883 0.600000 -1.000000 0.600000 0.600000 0.072000
76 1579157882 0.600000 -1.000000 0.600000 0.600000 0.072000
76 1579157881 0.600000 -1.000000 0.600000 0.600000 0.072000
76 1579157880 0.600000 -1.000000 0.600000 0.600000 0.072000
76 1579157879 0.600000 -1.000000 0.600000 0.600000 0.072000
76 1579157868 0.400000 -1.000000 0.400000 0.400000 0.032000
76 1579157867 0.400000 -1.000000 0.400000 0.400000 0.032000
76 1579157866 0.400000 -1.000000 0.400000 0.400000 0.032000
76 1579157865 0.400000 -1.000000 0.400000 0.400000 0.032000
76 1579157864 0.400000 -1.000000 0.400000 0.400000 0.032000
76 1579157858 0.400000 -1.000000 0.400000 0.400000 0.032000
76 1579157857 0.400000 -1.000000 0.400000 0.400000 0.032000
76 1579157856 0.400000 -1.000000 0.400000 0.400000 0.032000
76 1579157855 0.400000 -1.000000 0.400000 0.400000 0.032000
76 1579157854 0.400000 -1.000000 0.400000 0.400000 0.032000
76 1579157838 0.400000 -1.000000 0.400000 0.400000 0.032000
76 1579157837 0.400000 -1.000000 0.400000 0.400000 0.032000
76 1579157836 0.400000 -1.000000 0.400000 0.400000 0.032000
76 1579157835 0.400000 -1.000000 0.400000 0.400000 0.032000
76 1579157834 0.400000 -1.000000 0.400000 0.400000 0.032000
73 1579157693 5.200000 -1.000000 5.200000 5.200000 5.408000
73 1579157692 5.200000 -1.000000 5.200000 5.200000 5.408000
73 1579157691 5.200000 -1.000000 5.200000 5.200000 5.408000
73 1579157690 5.200000 -1.000000 5.200000 5.200000 5.408000
73 1579157689 5.200000 -1.000000 5.200000 5.200000 5.408000
73 1579157688 0.200000 -1.000000 0.200000 0.200000 0.008000
73 1579157687 0.200000 -1.000000 0.200000 0.200000 0.008000
73 1579157686 0.200000 -1.000000 0.200000 0.200000 0.008000
73 1579157685 0.200000 -1.000000 0.200000 0.200000 0.008000
73 1579157684 0.200000 -1.000000 0.200000 0.200000 0.008000
73 1579157683 0.800000 -1.000000 0.800000 0.800000 0.128000
73 1579157682 0.800000 -1.000000 0.800000 0.800000 0.128000
73 1579157681 0.800000 -1.000000 0.800000 0.800000 0.128000
73 1579157680 0.800000 -1.000000 0.800000 0.800000 0.128000
73 1579157679 0.800000 -1.000000 0.800000 0.800000 0.128000
73 1579157678 5.200000 -1.000000 5.200000 5.200000 5.408000
73 1579157677 5.200000 -1.000000 5.200000 5.200000 5.408000
73 1579157676 5.200000 -1.000000 5.200000 5.200000 5.408000
73 1579157675 5.200000 -1.000000 5.200000 5.200000 5.408000
73 1579157674 5.200000 -1.000000 5.200000 5.200000 5.408000
73 1579157673 0.400000 -1.000000 0.400000 0.400000 0.032000
73 1579157672 0.400000 -1.000000 0.400000 0.400000 0.032000
73 1579157671 0.400000 -1.000000 0.400000 0.400000 0.032000
73 1579157670 0.400000 -1.000000 0.400000 0.400000 0.032000
73 1579157669 0.400000 -1.000000 0.400000 0.400000 0.032000
73 1579157668 0.600000 -1.000000 0.600000 0.600000 0.072000
73 1579157667 0.600000 -1.000000 0.600000 0.600000 0.072000
73 1579157666 0.600000 -1.000000 0.600000 0.600000 0.072000
73 1579157665 0.600000 -1.000000 0.600000 0.600000 0.072000
73 1579157664 0.600000 -1.000000 0.600000 0.600000 0.072000
73 1579157663 5.400000 -1.000000 5.400000 5.400000 5.832000
73 1579157662 5.400000 -1.000000 5.400000 5.400000 5.832000
73 1579157661 5.400000 -1.000000 5.400000 5.400000 5.832000
73 1579157660 5.400000 -1.000000 5.400000 5.400000 5.832000
73 1579157659 5.400000 -1.000000 5.400000 5.400000 5.832000
73 1579157658 0.400000 -1.000000 0.400000 0.400000 0.032000
73 1579157657 0.400000 -1.000000 0.400000 0.400000 0.032000
73 1579157656 0.400000 -1.000000 0.400000 0.400000 0.032000
73 1579157655 0.400000 -1.000000 0.400000 0.400000 0.032000
73 1579157654 0.400000 -1.000000 0.400000 0.400000 0.032000
73 1579157653 0.800000 -1.000000 0.800000 0.800000 0.128000
73 1579157652 0.800000 -1.000000 0.800000 0.800000 0.128000
73 1579157651 0.800000 -1.000000 0.800000 0.800000 0.128000
73 1579157650 0.800000 -1.000000 0.800000 0.800000 0.128000
73 1579157649 0.800000 -1.000000 0.800000 0.800000 0.128000
73 1579157648 5.200000 -1.000000 5.200000 5.200000 5.408000
73 1579157647 5.200000 -1.000000 5.200000 5.200000 5.408000
73 1579157646 5.200000 -1.000000 5.200000 5.200000 5.408000
73 1579157645 5.200000 -1.000000 5.200000 5.200000 5.408000
73 1579157644 5.200000 -1.000000 5.200000 5.200000 5.408000
73 1579157643 0.600000 -1.000000 0.600000 0.600000 0.072000
73 1579157642 0.600000 -1.000000 0.600000 0.600000 0.072000
73 1579157641 0.600000 -1.000000 0.600000 0.600000 0.072000
73 1579157640 0.600000 -1.000000 0.600000 0.600000 0.072000
73 1579157639 0.600000 -1.000000 0.600000 0.600000 0.072000
73 1579157638 0.600000 -1.000000 0.600000 0.600000 0.072000
73 1579157637 0.600000 -1.000000 0.600000 0.600000 0.072000
73 1579157636 0.600000 -1.000000 0.600000 0.600000 0.072000
73 1579157635 0.600000 -1.000000 0.600000 0.600000 0.072000
73 1579157634 0.600000 -1.000000 0.600000 0.600000 0.072000
73 1579157633 5.400000 -1.000000 5.400000 5.400000 5.832000
73 1579157632 5.400000 -1.000000 5.400000 5.400000 5.832000
73 1579157631 5.400000 -1.000000 5.400000 5.400000 5.832000
73 1579157631 5.400000 -1.000000 -101.000000 0.000000 0.000000
73 1579157632 5.400000 -1.000000 -101.000000 0.000000 0.000000
73 1579157633 5.400000 -1.000000 -101.000000 0.000000 0.000000
73 1579157634 0.600000 -1.000000 -101.000000 0.000000 0.000000
73 1579157635 0.600000 -1.000000 -101.000000 0.000000 0.000000
73 1579157636 0.600000 -1.000000 -101.000000 0.000000 0.000000
73 1579157637 0.600000 -1.000000 -101.000000 0.000000 0.000000
73 1579157638 0.600000 -1.000000 -101.000000 0.000000 0.000000
73 1579157639 0.600000 -1.000000 -101.000000 0.000000 0.000000
73 1579157640 0.600000 -1.000000 -101.000000 0.000000 0.000000
73 1579157641 0.600000 -1.000000 -101.000000 0.000000 0.000000
73 1579157642 0.600000 -1.000000 -101.000000 0.000000 0.000000
73 1579157643 0.600000 -1.000000 -101.000000 0.000000 0.000000
73 1579157644 5.200000 -1.000000 -101.000000 0.000000 0.000000
73 1579157645 5.200000 -1.000000 -101.000000 0.000000 0.000000
73 1579157646 5.200000 -1.000000 -101.000000 0.000000 0.000000
73 1579157647 5.200000 -1.000000 -101.000000 0.000000 0.000000
73 1579157648 5.200000 -1.000000 -101.000000 0.000000 0.000000
73 1579157649 0.800000 -1.000000 -101.000000 0.000000 0.000000
73 1579157650 0.800000 -1.000000 -101.000000 0.000000 0.000000
73 1579157651 0.800000 -1.000000 -101.000000 0.000000 0.000000
73 1579157652 0.800000 -1.000000 -101.000000 0.000000 0.000000
73 1579157653 0.800000 -1.000000 -101.000000 0.000000 0.000000
73 1579157654 0.400000 -1.000000 -101.000000 0.000000 0.000000
73 1579157655 0.400000 -1.000000 -101.000000 0.000000 0.000000
73 1579157656 0.400000 -1.000000 -101.000000 0.000000 0.000000
73 1579157657 0.400000 -1.000000 -101.000000 0.000000 0.000000
73 1579157658 0.400000 -1.000000 -101.000000 0.000000 0.000000
73 1579157659 5.400000 -1.000000 -101.000000 0.000000 0.000000
73 1579157660 5.400000 -1.000000 -101.000000 0.000000 0.000000
73 1579157661 5.400000 -1.000000 -101.000000 0.000000 0.000000
73 1579157662 5.400000 -1.000000 -101.000000 0.000000 0.000000
73 1579157663 5.400000 -1.000000 -101.000000 0.000000 0.000000
73 1579157664 0.600000 -1.000000 -101.000000 0.000000 0.000000
73 1579157665 0.600000 -1.000000 -101.000000 0.000000 0.000000
73 1579157666 0.600000 -1.000000 -101.000000 0.000000 0.000000
73 1579157667 0.600000 -1.000000 -101.000000 0.000000 0.000000
73 1579157668 0.600000 -1.000000 -101.000000 0.000000 0.000000
73 1579157669 0.400000 -1.000000 -101.000000 0.000000 0.000000
73 1579157670 0.400000 -1.000000 -101.000000 0.000000 0.000000
73 1579157671 0.400000 -1.000000 -101.000000 0.000000 0.000000
73 1579157672 0.400000 -1.000000 -101.000000 0.000000 0.000000
73 1579157673 0.400000 -1.000000 -101.000000 0.000000 0.000000
73 1579157674 5.200000 -1.000000 -101.000000 0.000000 0.000000
73 1579157675 5.200000 -1.000000 -101.000000 0.000000 0.000000
73 1579157676 5.200000 -1.000000 -101.000000 0.000000 0.000000
73 1579157677 5.200000 -1.000000 -101.000000 0.000000 0.000000
73 1579157678 5.200000 -1.000000 -101.000000 0.000000 0.000000
73 1579157679 0.800000 -1.000000 -101.000000 0.000000 0.000000
73 1579157680 0.800000 -1.000000 -101.000000 0.000000 0.000000
73 1579157681 0.800000 -1.000000 -101.000000 0.000000 0.000000
73 1579157682 0.800000 -1.000000 -101.000000 0.000000 0.000000
73 1579157683 0.800000 -1.000000 -101.000000 0.000000 0.000000
73 1579157684 0.200000 -1.000000 -101.000000 0.000000 0.000000
73 1579157685 0.200000 -1.000000 -101.000000 0.000000 0.000000
73 1579157686 0.200000 -1.000000 -101.000000 0.000000 0.000000
73 1579157687 0.200000 -1.000000 -101.000000 0.000000 0.000000
73 1579157688 0.200000 -1.000000 -101.000000 0.000000 0.000000
73 1579157689 5.200000 -1.000000 -101.000000 0.000000 0.000000
73 1579157690 5.200000 -1.000000 -101.000000 0.000000 0.000000
73 1579157691 5.200000 -1.000000 -101.000000 0.000000 0.000000
73 1579157692 5.200000 -1.000000 -101.000000 0.000000 0.000000
73 1579157693 5.200000 -1.000000 -101.000000 0.000000 0.000000
76 1579157834 0.400000 -1.000000 -101.000000 0.000000 0.000000
76 1579157835 0.400000 -1.000000 -101.000000 0.000000 0.000000
76 1579157836 0.400000 -1.000000 -101.000000 0.000000 0.000000
76 1579157837 0.400000 -1.000000 -101.000000 0.000000 0.000000
76 1579157838 0.400000 -1.000000 -101.000000 0.000000 0.000000
76 1579157854 0.400000 -1.000000 -101.000000 0.000000 0.000000
76 1579157855 0.400000 -1.000000 -101.000000 0.000000 0.000000
76 1579157856 0.400000 -1.000000 -101.000000 0.000000 0.000000
76 1579157857 0.400000 -1.000000 -101.000000 0.000000 0.000000
76 1579157858 0.400000 -1.000000 -101.000000 0.000000 0.000000
76 1579157864 0.400000 -1.000000 -101.000000 0.000000 0.000000
76 1579157865 0.400000 -1.000000 -101.000000 0.000000 0.000000
76 1579157866 0.400000 -1.000000 -101.000000 0.000000 0.000000
76 1579157867 0.400000 -1.000000 -101.000000 0.000000 0.000000
76 1579157868 0.400000 -1.000000 -101.000000 0.000000 0.000000
76 1579157879 0.600000 -1.000000 -101.000000 0.000000 0.000000
76 1579157880 0.600000 -1.000000 -101.000000 0.000000 0.000000
76 1579157881 0.600000 -1.000000 -101.000000 0.000000 0.000000
76 1579157882 0.600000 -1.000000 -101.000000 0.000000 0.000000
76 1579157883 0.600000 -1.000000 -101.000000 0.000000 0.000000
73 1579157944 29.800000 -1.000000 -101.000000 0.000000 0.000000
73 1579157945 29.800000 -1.000000 -101.000000 0.000000 0.000000
73 1579157946 29.800000 -1.000000 -101.000000 0.000000 0.000000
73 1579157947 29.800000 -1.000000 -101.000000 0.000000 0.000000
73 1579157948 29.800000 -1.000000 -101.000000 0.000000 0.000000
73 1579157949 1.600000 -1.000000 -101.000000 0.000000 0.000000
73 1579157950 1.600000 -1.000000 -101.000000 0.000000 0.000000
73 1579157951 1.600000 -1.000000 -101.000000 0.000000 0.000000
73 1579157952 1.600000 -1.000000 -101.000000 0.000000 0.000000
73 1579157953 1.600000 -1.000000 -101.000000 0.000000 0.000000
73 1579157964 1.600000 -1.000000 8.000000 8.000000 0.512000
73 1579157965 1.600000 -1.000000 8.000000 8.000000 0.512000
73 1579157966 1.600000 -1.000000 8.000000 8.000000 0.512000
73 1579157967 1.600000 -1.000000 8.000000 8.000000 0.512000
73 1579157968 1.600000 -1.000000 8.000000 8.000000 0.512000
76 1579157944 12.200000 -1.000000 -101.000000 0.000000 0.000000
76 1579157945 12.200000 -1.000000 -101.000000 0.000000 0.000000
76 1579157946 12.200000 -1.000000 -101.000000 0.000000 0.000000
76 1579157947 12.200000 -1.000000 -101.000000 0.000000 0.000000
76 1579157948 12.200000 -1.000000 -101.000000 0.000000 0.000000
76 1579157949 4.000000 -1.000000 -101.000000 0.000000 0.000000
76 1579157950 4.000000 -1.000000 -101.000000 0.000000 0.000000
76 1579157951 4.000000 -1.000000 -101.000000 0.000000 0.000000
76 1579157952 4.000000 -1.000000 -101.000000 0.000000 0.000000
76 1579157953 4.000000 -1.000000 -101.000000 0.000000 0.000000
76 1579157969 0.200000 -1.000000 1.000000 1.000000 0.008000
76 1579157970 0.200000 -1.000000 1.000000 1.000000 0.008000
76 1579157971 0.200000 -1.000000 1.000000 1.000000 0.008000
76 1579157972 0.200000 -1.000000 1.000000 1.000000 0.008000
76 1579157973 0.200000 -1.000000 1.000000 1.000000 0.008000
73 1579158054 2.000000 -1.000000 -101.000000 0.000000 0.000000
73 1579158055 2.000000 -1.000000 -101.000000 0.000000 0.000000
73 1579158056 2.000000 -1.000000 -101.000000 0.000000 0.000000
73 1579158057 2.000000 -1.000000 -101.000000 0.000000 0.000000
73 1579158058 2.000000 -1.000000 -101.000000 0.000000 0.000000
73 1579158074 0.400000 -1.000000 -101.000000 0.000000 0.000000
73 1579158075 0.400000 -1.000000 -101.000000 0.000000 0.000000
73 1579158076 0.400000 -1.000000 -101.000000 0.000000 0.000000
73 1579158077 0.400000 -1.000000 -101.000000 0.000000 0.000000
73 1579158078 0.400000 -1.000000 -101.000000 0.000000 0.000000
73 1579158084 0.400000 -1.000000 -101.000000 0.000000 0.000000
73 1579158085 0.400000 -1.000000 -101.000000 0.000000 0.000000
73 1579158086 0.400000 -1.000000 -101.000000 0.000000 0.000000
73 1579158087 0.400000 -1.000000 -101.000000 0.000000 0.000000
73 1579158088 0.400000 -1.000000 -101.000000 0.000000 0.000000
73 1579158084 0.600000 -1.000000 1.000000 1.000000 0.216000
73 1579158085 0.600000 -1.000000 1.000000 1.000000 0.216000
73 1579158086 0.600000 -1.000000 1.000000 1.000000 0.216000
73 1579158087 0.600000 -1.000000 1.000000 1.000000 0.216000
73 1579158088 0.600000 -1.000000 1.000000 1.000000 0.216000
76 1579158054 13.800000 -1.000000 -101.000000 0.000000 0.000000
76 1579158055 13.800000 -1.000000 -101.000000 0.000000 0.000000
76 1579158056 13.800000 -1.000000 -101.000000 0.000000 0.000000
76 1579158057 13.800000 -1.000000 -101.000000 0.000000 0.000000
76 1579158058 13.800000 -1.000000 -101.000000 0.000000 0.000000
76 1579158074 2.400000 -1.000000 -101.000000 0.000000 0.000000
76 1579158075 2.400000 -1.000000 -101.000000 0.000000 0.000000
76 1579158076 2.400000 -1.000000 -101.000000 0.000000 0.000000
76 1579158077 2.400000 -1.000000 -101.000000 0.000000 0.000000
76 1579158078 2.400000 -1.000000 -101.000000 0.000000 0.000000
73 1579158104 0.200000 -1.000000 -101.000000 0.000000 0.000000
73 1579158105 0.200000 -1.000000 -101.000000 0.000000 0.000000
73 1579158106 0.200000 -1.000000 -101.000000 0.000000 0.000000
73 1579158107 0.200000 -1.000000 -101.000000 0.000000 0.000000
73 1579158108 0.200000 -1.000000 -101.000000 0.000000 0.000000
